10 0
20 0
30 0
40 0
50 0
60 0
70 0
80 0
90 0
100 0
110 0
120 0
130 0
140 0
150 0
160 0
170 0
180 0
190 0
200 0
210 0
220 0
230 0
240 0
250 0
260 0
270 0
280 0
290 0
300 0
310 0.001
320 0
330 0
340 0.001
350 0
360 0
370 0.001
380 0
390 0
400 0
410 0
420 0.001
430 0.001
440 0
450 0.001
460 0
470 0.001
480 0.001
490 0
500 0.001
510 0.001
520 0
530 0.001
540 0.001
550 0.001
560 0
570 0.001
580 0.001
590 0.001
600 0.001
610 0.001
620 0.001
630 0.001
640 0.001
650 0.001
660 0.001
670 0
680 0.002
690 0.001
700 0.002
710 0.001
720 0.001
730 0.002
740 0.001
750 0.001
760 0.001
770 0.002
780 0.002
790 0.001
800 0.002
810 0.002
820 0.001
830 0.002
840 0.002
850 0.002
860 0.002
870 0.002
880 0.002
890 0.002
900 0.002
910 0.002
920 0.002
930 0.002
940 0.002
950 0.002
960 0.002
970 0.003
980 0.002
990 0.003
1000 0.002
1010 0.003
1020 0.002
1030 0.002
1040 0.003
1050 0.003
1060 0.003
1070 0.003
1080 0.003
1090 0.003
1100 0.003
1110 0.003
1120 0.003
1130 0.004
1140 0.003
1150 0.003
1160 0.004
1170 0.003
1180 0.003
1190 0.004
1200 0.003
1210 0.004
1220 0.004
1230 0.004
1240 0.003
1250 0.004
1260 0.004
1270 0.004
1280 0.004
1290 0.004
1300 0.004
1310 0.005
1320 0.004
1330 0.004
1340 0.004
1350 0.005
1360 0.004
1370 0.005
1380 0.005
1390 0.005
1400 0.005
1410 0.005
1420 0.005
1430 0.005
1440 0.005
1450 0.005
1460 0.005
1470 0.006
1480 0.005
1490 0.006
1500 0.006
1510 0.005
1520 0.005
1530 0.005
1540 0.005
1550 0.006
1560 0.006
1570 0.006
1580 0.006
1590 0.006
1600 0.006
1610 0.006
1620 0.007
1630 0.005
1640 0.007
1650 0.007
1660 0.007
1670 0.007
1680 0.007
1690 0.007
1700 0.007
1710 0.008
1720 0.007
1730 0.008
1740 0.007
1750 0.007
1760 0.008
1770 0.008
1780 0.008
1790 0.008
1800 0.008
1810 0.008
1820 0.008
1830 0.008
1840 0.009
1850 0.008
1860 0.009
1870 0.009
1880 0.009
1890 0.009
1900 0.009
1910 0.009
1920 0.009
1930 0.01
1940 0.009
1950 0.01
1960 0.009
1970 0.01
1980 0.01
1990 0.01
2000 0.01
2010 0.01
2020 0.02
2030 0.012
2040 0.016
2050 0.011
2060 0.011
2070 0.011
2080 0.011
2090 0.011
2100 0.012
2110 0.011
2120 0.011
2130 0.011
2140 0.012
2150 0.012
2160 0.012
2170 0.012
2180 0.012
2190 0.012
2200 0.012
2210 0.012
2220 0.012
2230 0.013
2240 0.013
2250 0.013
2260 0.014
2270 0.014
2280 0.014
2290 0.014
2300 0.014
2310 0.014
2320 0.015
2330 0.014
2340 0.014
2350 0.015
2360 0.014
2370 0.015
2380 0.014
2390 0.015
2400 0.016
2410 0.015
2420 0.016
2430 0.015
2440 0.015
2450 0.015
2460 0.015
2470 0.016
2480 0.017
2490 0.016
2500 0.017
2510 0.016
2520 0.016
2530 0.029
2540 0.018
2550 0.017
2560 0.017
2570 0.017
2580 0.018
2590 0.018
2600 0.018
2610 0.018
2620 0.019
2630 0.018
2640 0.019
2650 0.018
2660 0.019
2670 0.019
2680 0.019
2690 0.02
2700 0.02
2710 0.019
2720 0.02
2730 0.02
2740 0.02
2750 0.02
2760 0.02
2770 0.021
2780 0.021
2790 0.021
2800 0.021
2810 0.021
2820 0.022
2830 0.022
2840 0.021
2850 0.022
2860 0.022
2870 0.023
2880 0.022
2890 0.022
2900 0.023
2910 0.023
2920 0.023
2930 0.023
2940 0.023
2950 0.024
2960 0.024
2970 0.024
2980 0.025
2990 0.024
3000 0.024
3010 0.024
3020 0.025
3030 0.025
3040 0.026
3050 0.025
3060 0.025
3070 0.026
3080 0.026
3090 0.027
3100 0.026
3110 0.027
3120 0.026
3130 0.026
3140 0.026
3150 0.027
3160 0.028
3170 0.028
3180 0.028
3190 0.028
3200 0.028
3210 0.028
3220 0.029
3230 0.029
3240 0.029
3250 0.029
3260 0.031
3270 0.029
3280 0.031
3290 0.03
3300 0.03
3310 0.031
3320 0.031
3330 0.031
3340 0.031
3350 0.031
3360 0.031
3370 0.032
3380 0.033
3390 0.032
3400 0.032
3410 0.032
3420 0.032
3430 0.033
3440 0.033
3450 0.033
3460 0.034
3470 0.034
3480 0.034
3490 0.034
3500 0.034
3510 0.034
3520 0.035
3530 0.035
3540 0.035
3550 0.035
3560 0.035
3570 0.036
3580 0.036
3590 0.036
3600 0.036
3610 0.036
3620 0.037
3630 0.037
3640 0.037
3650 0.038
3660 0.038
3670 0.038
3680 0.038
3690 0.038
3700 0.038
3710 0.037
3720 0.039
3730 0.04
3740 0.04
3750 0.04
3760 0.04
3770 0.04
3780 0.04
3790 0.04
3800 0.04
3810 0.041
3820 0.041
3830 0.042
3840 0.042
3850 0.042
3860 0.043
3870 0.043
3880 0.043
3890 0.042
3900 0.043
3910 0.043
3920 0.044
3930 0.044
3940 0.044
3950 0.045
3960 0.044
3970 0.043
3980 0.045
3990 0.046
4000 0.046
4010 0.045
4020 0.046
4030 0.046
4040 0.047
4050 0.046
4060 0.045
4070 0.047
4080 0.047
4090 0.047
4100 0.048
4110 0.048
4120 0.048
4130 0.048
4140 0.049
4150 0.049
4160 0.049
4170 0.05
4180 0.051
4190 0.05
4200 0.051
4210 0.049
4220 0.05
4230 0.051
4240 0.052
4250 0.052
4260 0.051
4270 0.051
4280 0.051
4290 0.052
4300 0.053
4310 0.053
4320 0.053
4330 0.053
4340 0.054
4350 0.053
4360 0.054
4370 0.054
4380 0.055
4390 0.055
4400 0.055
4410 0.056
4420 0.055
4430 0.056
4440 0.056
4450 0.056
4460 0.058
4470 0.057
4480 0.057
4490 0.056
4500 0.058
4510 0.059
4520 0.06
4530 0.058
4540 0.059
4550 0.059
4560 0.058
4570 0.06
4580 0.06
4590 0.06
4600 0.06
4610 0.061
4620 0.06
4630 0.062
4640 0.062
4650 0.062
4660 0.063
4670 0.062
4680 0.061
4690 0.063
4700 0.063
4710 0.063
4720 0.064
4730 0.064
4740 0.063
4750 0.064
4760 0.065
4770 0.065
4780 0.065
4790 0.065
4800 0.066
4810 0.066
4820 0.067
4830 0.066
4840 0.067
4850 0.067
4860 0.068
4870 0.068
4880 0.069
4890 0.068
4900 0.069
4910 0.068
4920 0.069
4930 0.07
4940 0.071
4950 0.07
4960 0.069
4970 0.071
4980 0.071
4990 0.072
5000 0.072
5010 0.072
5020 0.073
5030 0.072
5040 0.073
5050 0.073
5060 0.072
5070 0.074
5080 0.074
5090 0.075
5100 0.074
5110 0.074
5120 0.075
5130 0.075
5140 0.078
5150 0.077
5160 0.076
5170 0.077
5180 0.078
5190 0.077
5200 0.078
5210 0.078
5220 0.079
5230 0.079
5240 0.081
5250 0.079
5260 0.079
5270 0.081
5280 0.08
5290 0.08
5300 0.08
5310 0.081
5320 0.081
5330 0.082
5340 0.082
5350 0.082
5360 0.083
5370 0.083
5380 0.083
5390 0.082
5400 0.085
5410 0.086
5420 0.087
5430 0.087
5440 0.087
5450 0.089
5460 0.088
5470 0.089
5480 0.088
5490 0.09
5500 0.09
5510 0.09
5520 0.09
5530 0.091
5540 0.091
5550 0.091
5560 0.091
5570 0.093
5580 0.093
5590 0.09
5600 0.09
5610 0.093
5620 0.094
5630 0.095
5640 0.093
5650 0.095
5660 0.096
5670 0.096
5680 0.095
5690 0.097
5700 0.097
5710 0.097
5720 0.099
5730 0.098
5740 0.098
5750 0.102
5760 0.098
5770 0.1
5780 0.101
5790 0.096
5800 0.099
5810 0.1
5820 0.101
5830 0.1
5840 0.102
5850 0.103
5860 0.103
5870 0.103
5880 0.102
5890 0.102
5900 0.103
5910 0.104
5920 0.102
5930 0.102
5940 0.101
5950 0.105
5960 0.107
5970 0.106
5980 0.102
5990 0.103
6000 0.105
6010 0.107
6020 0.108
6030 0.108
6040 0.108
6050 0.106
6060 0.11
6070 0.11
6080 0.109
6090 0.111
6100 0.112
6110 0.112
6120 0.111
6130 0.112
6140 0.112
6150 0.115
6160 0.114
6170 0.113
6180 0.113
6190 0.114
6200 0.111
6210 0.111
6220 0.111
6230 0.113
6240 0.117
6250 0.118
6260 0.118
6270 0.117
6280 0.117
6290 0.115
6300 0.115
6310 0.114
6320 0.118
6330 0.12
6340 0.12
6350 0.121
6360 0.121
6370 0.117
6380 0.126
6390 0.124
6400 0.122
6410 0.124
6420 0.12
6430 0.12
6440 0.12
6450 0.122
6460 0.125
6470 0.127
6480 0.125
6490 0.125
6500 0.124
6510 0.122
6520 0.124
6530 0.126
6540 0.128
6550 0.127
6560 0.129
6570 0.13
6580 0.128
6590 0.133
6600 0.131
6610 0.13
6620 0.131
6630 0.128
6640 0.127
6650 0.128
6660 0.134
6670 0.135
6680 0.134
6690 0.134
6700 0.134
6710 0.132
6720 0.13
6730 0.133
6740 0.135
6750 0.134
6760 0.135
6770 0.134
6780 0.137
6790 0.138
6800 0.138
6810 0.137
6820 0.136
6830 0.142
6840 0.14
6850 0.141
6860 0.139
6870 0.138
6880 0.137
6890 0.137
6900 0.143
6910 0.144
6920 0.144
6930 0.144
6940 0.14
6950 0.141
6960 0.139
6970 0.143
6980 0.149
6990 0.145
7000 0.147
7010 0.145
7020 0.145
7030 0.148
7040 0.148
7050 0.149
7060 0.149
7070 0.149
7080 0.15
7090 0.15
7100 0.151
7110 0.148
7120 0.156
7130 0.153
7140 0.152
7150 0.151
7160 0.15
7170 0.149
7180 0.151
7190 0.159
7200 0.157
7210 0.155
7220 0.154
7230 0.152
7240 0.152
7250 0.158
7260 0.157
7270 0.159
7280 0.157
7290 0.162
7300 0.16
7310 0.16
7320 0.159
7330 0.156
7340 0.157
7350 0.161
7360 0.161
7370 0.164
7380 0.163
7390 0.166
7400 0.164
7410 0.165
7420 0.165
7430 0.165
7440 0.162
7450 0.167
7460 0.169
7470 0.168
7480 0.168
7490 0.163
7500 0.164
7510 0.167
7520 0.167
7530 0.166
7540 0.169
7550 0.172
7560 0.169
7570 0.169
7580 0.176
7590 0.174
7600 0.172
7610 0.176
7620 0.173
7630 0.175
7640 0.176
7650 0.177
7660 0.176
7670 0.178
7680 0.176
7690 0.172
7700 0.181
7710 0.178
7720 0.175
7730 0.181
7740 0.18
7750 0.174
7760 0.182
7770 0.182
7780 0.182
7790 0.177
7800 0.178
7810 0.177
7820 0.179
7830 0.178
7840 0.179
7850 0.18
7860 0.18
7870 0.18
7880 0.182
7890 0.183
7900 0.181
7910 0.183
7920 0.181
7930 0.183
7940 0.183
7950 0.184
7960 0.184
7970 0.186
7980 0.185
7990 0.187
8000 0.185
8010 0.189
8020 0.188
8030 0.188
8040 0.188
8050 0.19
8060 0.188
8070 0.19
8080 0.189
8090 0.191
8100 0.191
8110 0.192
8120 0.191
8130 0.193
8140 0.193
8150 0.194
8160 0.193
8170 0.195
8180 0.194
8190 0.198
8200 0.196
8210 0.196
8220 0.2
8230 0.201
8240 0.198
8250 0.199
8260 0.2
8270 0.199
8280 0.2
8290 0.201
8300 0.202
8310 0.202
8320 0.203
8330 0.202
8340 0.204
8350 0.204
8360 0.204
8370 0.207
8380 0.205
8390 0.206
8400 0.205
8410 0.208
8420 0.208
8430 0.209
8440 0.206
8450 0.208
8460 0.21
8470 0.211
8480 0.211
8490 0.211
8500 0.212
8510 0.211
8520 0.213
8530 0.211
8540 0.212
8550 0.216
8560 0.215
8570 0.217
8580 0.215
8590 0.217
8600 0.217
8610 0.218
8620 0.218
8630 0.219
8640 0.219
8650 0.219
8660 0.219
8670 0.222
8680 0.22
8690 0.223
8700 0.222
8710 0.221
8720 0.222
8730 0.222
8740 0.223
8750 0.223
8760 0.224
8770 0.224
8780 0.232
8790 0.228
8800 0.227
8810 0.229
8820 0.228
8830 0.227
8840 0.228
8850 0.228
8860 0.229
8870 0.23
8880 0.23
8890 0.232
8900 0.231
8910 0.23
8920 0.234
8930 0.234
8940 0.233
8950 0.235
8960 0.234
8970 0.237
8980 0.236
8990 0.237
9000 0.237
9010 0.237
9020 0.239
9030 0.239
9040 0.239
9050 0.24
9060 0.241
9070 0.24
9080 0.241
9090 0.243
9100 0.245
9110 0.245
9120 0.245
9130 0.246
9140 0.246
9150 0.246
9160 0.246
9170 0.249
9180 0.247
9190 0.249
9200 0.251
9210 0.249
9220 0.247
9230 0.252
9240 0.25
9250 0.252
9260 0.251
9270 0.252
9280 0.252
9290 0.254
9300 0.255
9310 0.268
9320 0.254
9330 0.257
9340 0.255
9350 0.258
9360 0.258
9370 0.258
9380 0.257
9390 0.258
9400 0.26
9410 0.26
9420 0.261
9430 0.262
9440 0.261
9450 0.261
9460 0.261
9470 0.261
9480 0.262
9490 0.266
9500 0.264
9510 0.264
9520 0.267
9530 0.266
9540 0.268
9550 0.267
9560 0.268
9570 0.27
9580 0.267
9590 0.269
9600 0.269
9610 0.273
9620 0.271
9630 0.272
9640 0.272
9650 0.273
9660 0.275
9670 0.275
9680 0.277
9690 0.275
9700 0.277
9710 0.277
9720 0.277
9730 0.28
9740 0.277
9750 0.278
9760 0.281
9770 0.281
9780 0.28
9790 0.282
9800 0.282
9810 0.284
9820 0.282
9830 0.284
9840 0.285
9850 0.284
9860 0.285
9870 0.286
9880 0.286
9890 0.288
9900 0.286
9910 0.287
9920 0.287
9930 0.291
9940 0.291
9950 0.294
9960 0.291
9970 0.294
9980 0.291
9990 0.292
