10 0
20 0
30 0.001
40 0
50 0
60 0.001
70 0.001
80 0.001
90 0.002
100 0.002
110 0.003
120 0.004
130 0.005
140 0.007
150 0.008
160 0.009
170 0.011
180 0.013
190 0.015
200 0.02
210 0.021
220 0.024
230 0.031
240 0.034
250 0.038
260 0.056
270 0.053
280 0.072
290 0.09
300 0.081
310 0.1
320 0.092
330 0.099
340 0.105
350 0.121
360 0.125
370 0.123
380 0.128
390 0.147
400 0.156
410 0.177
420 0.178
430 0.186
440 0.194
450 0.229
460 0.233
470 0.234
480 0.301
490 0.311
500 0.313
510 0.339
520 0.46
530 0.362
540 0.37
550 0.388
560 0.424
570 0.421
580 0.456
590 0.48
600 0.507
610 0.685
620 0.632
630 0.6
640 0.614
650 0.633
660 0.73
670 0.842
680 0.751
690 0.764
700 0.806
710 0.895
720 0.912
730 1.307
740 1.011
750 1.133
760 1.123
770 1.152
780 1.159
790 1.355
800 1.233
810 1.33
820 1.548
830 1.423
840 1.431
850 1.687
860 1.499
870 1.824
880 1.71
890 1.803
900 1.816
910 1.866
920 2.023
930 2.05
940 1.953
950 2.125
960 2.066
970 2.206
980 2.238
990 2.38
1000 2.286
1010 2.519
1020 2.653
1030 2.679
1040 2.958
1050 2.987
1060 3.191
1070 3.057
1080 3.339
1090 3.345
1100 3.703
1110 3.754
1120 3.719
1130 3.766
1140 3.891
1150 3.737
1160 3.699
1170 3.852
1180 4.034
1190 3.951
1200 4.303
1210 4.339
1220 4.537
1230 4.773
1240 4.851
1250 5.184
1260 5.325
1270 5.293
1280 5.725
1290 5.151
1300 5.413
1310 5.514
1320 5.689
1330 5.739
1340 6.23
1350 6.187
1360 6.331
1370 6.703
1380 6.966
1390 7.226
1400 7.091
1410 7.032
1420 6.774
1430 7.19
1440 7.509
1450 7.665
1460 8.182
1470 8.27
1480 8.313
1490 8.127
1500 8.185
1510 8.715
1520 8.907
1530 9.291
1540 9.969
1550 9.69
1560 9.247
1570 10.147
1580 9.992
1590 10.263
1600 11.087
1610 10.695
1620 10.644
1630 10.359
1640 11.085
1650 11.57
1660 12.435
1670 11.708
1680 12.543
1690 11.562
1700 12.44
1710 12.812
1720 13.523
1730 14.353
1740 13.345
1750 13.637
1760 14.375
1770 14.901
1780 14.785
1790 14.019
1800 14.97
1810 15.589
1820 16.414
1830 15.513
1840 16.356
1850 16.604
1860 17.042
1870 16.375
1880 17.178
1890 17.673
1900 17.171
1910 17.683
1920 18.247
1930 19.113
1940 17.611
1950 18.563
1960 19.852
1970 20.546
1980 18.753
1990 19.982
2000 21.718
2010 20.656
2020 20.377
2030 21.722
2040 22.383
2050 21.482
2060 23.767
2070 24.036
2080 21.971
2090 24.393
2100 24.141
2110 25.104
2120 25.824
2130 27.594
2140 25.973
2150 25.597
2160 26.922
2170 27.285
2180 28.313
2190 28.093
2200 29.113
2210 28.344
2220 28.695
2230 29.554
2240 32.043
2250 28.837
2260 31.318
2270 30.048
2280 31.774
2290 31.658
2300 33.206
2310 32.858
2320 35.841
2330 33.634
2340 35.465
2350 33.849
2360 34.814
2370 35.386
2380 36.951
2390 36.622
2400 37.77
2410 37.399
2420 41.586
2430 32.311
2440 32.421
2450 32.286
2460 34.729
2470 33.156
2480 33.326
2490 39.774
2500 40.853
2510 35.309
2520 35.563
2530 34.574
2540 37.5
2550 36.189
2560 37.257
2570 38.21
2580 46.419
2590 47.153
2600 47.953
2610 43.076
2620 46.834
2630 46.145
2640 51.281
2650 49.698
2660 49.517
2670 41.741
2680 45.645
2690 41.133
2700 43.917
2710 44.174
2720 44.09
2730 43.796
2740 45.626
2750 150.955
2760 45.343
2770 45.841
2780 46.424
2790 47.117
2800 47.991
2810 48.09
2820 48.416
2830 49.586
2840 48.913
2850 48.92
2860 50.96
2870 52.345
2880 51.727
2890 52.926
2900 52.383
2910 54.487
2920 56.015
2930 53.923
2940 55.424
2950 55.826
2960 57.473
2970 56.825
2980 59.276
2990 59.136
3000 59.596
3010 59.132
3020 60.923
3030 62.477
3040 63.642
3050 61.422
3060 63.758
3070 64.493
3080 65.466
3090 65.111
3100 67.333
3110 67.634
3120 67.464
3130 66.557
3140 69.289
3150 69.825
3160 70.805
3170 70.96
3180 70.769
3190 72.12
3200 73.773
3210 76.387
3220 75.355
3230 77.539
3240 78.038
3250 77.823
3260 78.558
3270 78.962
3280 78.922
3290 78.786
3300 82.106
3310 81.472
3320 80.835
3330 82.337
3340 83.253
3350 84.906
3360 87.14
3370 83.915
3380 85.589
3390 87.011
3400 89.616
3410 89.733
3420 88.819
3430 92.01
3440 92.438
3450 91.275
3460 5897.95
3470 96.367
3480 96.779
3490 97.62
3500 98.611
3510 98.921
3520 102.515
3530 102.311
3540 102.147
3550 109.225
3560 109.627
3570 106.8
3580 107.42
3590 106.862
3600 108.279
3610 109.235
3620 110.904
3630 112.492
3640 112.961
3650 113.039
3660 108.702
3670 114.596
3680 115.688
3690 116.19
3700 117.135
3710 117.17
3720 122.935
3730 122.952
3740 122.582
3750 127.603
3760 124.575
3770 127.503
3780 129.488
3790 127.849
3800 129.104
3810 129.503
3820 130.399
3830 132.407
3840 132.408
3850 132.793
3860 132.879
3870 142.224
3880 138.774
3890 138.051
3900 138.834
3910 141.073
3920 46754.4
3930 143.113
3940 143.476
3950 142.625
3960 144.564
3970 146.356
3980 148.864
3990 152.805
4000 150.953
4010 151.696
4020 152.748
4030 151.772
4040 153.029
4050 154.453
4060 152.62
4070 161.216
4080 158.779
4090 160.676
4100 175.946
4110 166.923
4120 166.3
4130 171.097
4140 166.066
4150 171.89
4160 171.052
4170 175.616
4180 178.144
4190 185.374
4200 179.835
4210 180.602
4220 180.035
4230 177.909
4240 180.013
4250 179.586
4260 180.513
4270 191.427
4280 184.551
4290 181.309
4300 186.475
4310 188.429
4320 189.929
4330 190.472
4340 193.614
4350 193.453
4360 193.915
4370 197.618
4380 197.856
4390 194.199
4400 201.009
4410 202.052
4420 205.942
4430 206.516
4440 209.553
4450 206.502
4460 210.464
4470 210.045
4480 210.695
4490 224.12
4500 219.237
4510 217.022
4520 216.465
4530 228.544
4540 231.827
4550 229.023
4560 235.044
4570 230.576
4580 236.308
4590 226.465
4600 234.798
4610 242.546
4620 234.261
4630 252.803
4640 251.53
4650 254.023
4660 247.766
4670 249.347
4680 251.58
4690 251.015
4700 281.938
4710 277.895
