10 0
20 0
30 0
40 0
50 0
60 0
70 0
80 0
90 0
100 0
110 0
120 0
130 0
140 0
150 0
160 0
170 0
180 0
190 0
200 0
210 0
220 0
230 0
240 0
250 0
260 0
270 0
280 0.015625
290 0
300 0
310 0
320 0
330 0
340 0
350 0
360 0
370 0
380 0.015625
390 0
400 0
410 0
420 0
430 0
440 0
450 0.015625
460 0
470 0
480 0
490 0
500 0.015625
510 0
520 0
530 0
540 0
550 0.015625
560 0
570 0
580 0
590 0.015625
600 0
610 0
620 0.015625
630 0
640 0
650 0.015625
660 0
670 0
680 0.015625
690 0
700 0.015625
710 0
720 0
730 0.015625
740 0
750 0.015625
760 0
770 0.015625
780 0
790 0.015625
800 0
810 0.015625
820 0
830 0.015625
840 0.015625
850 0
860 0.015625
870 0
880 0.015625
890 0.015625
900 0
910 0.015625
920 0.015625
930 0
940 0.015625
950 0.015625
960 0.015625
970 0
980 0.015625
990 0.015625
1000 0.015625
1010 0.015625
1020 0.015625
1030 0.015625
1040 0.015625
1050 0.015625
1060 0.015625
1070 0.015625
1080 0.015625
1090 0.015625
1100 0.015625
1110 0.015625
1120 0.015625
1130 0.015625
1140 0.015625
1150 0.015625
1160 0.015625
1170 0.03125
1180 0.015625
1190 0.015625
1200 0.015625
1210 0.015625
1220 0.03125
1230 0.015625
1240 0.015625
1250 0.015625
1260 0.03125
1270 0.015625
1280 0.015625
1290 0.03125
1300 0.015625
1310 0.03125
1320 0.015625
1330 0.015625
1340 0.03125
1350 0.015625
1360 0.03125
1370 0.03125
1380 0.015625
1390 0.03125
1400 0.015625
1410 0.03125
1420 0.03125
1430 0.015625
1440 0.03125
1450 0.03125
1460 0.03125
1470 0.015625
1480 0.03125
1490 0.03125
1500 0.03125
1510 0.03125
1520 0.03125
1530 0.03125
1540 0.03125
1550 0.03125
1560 0.03125
1570 0.03125
1580 0.03125
1590 0.03125
1600 0.03125
1610 0.03125
1620 0.03125
1630 0.03125
1640 0.046875
1650 0.03125
1660 0.03125
1670 0.03125
1680 0.046875
1690 0.03125
1700 0.03125
1710 0.046875
1720 0.03125
1730 0.046875
1740 0.03125
1750 0.046875
1760 0.03125
1770 0.046875
1780 0.03125
1790 0.046875
1800 0.046875
1810 0.046875
1820 0.03125
1830 0.046875
1840 0.046875
1850 0.046875
1860 0.046875
1870 0.046875
1880 0.03125
1890 0.046875
1900 0.046875
1910 0.046875
1920 0.046875
1930 0.046875
1940 0.0625
1950 0.046875
1960 0.046875
1970 0.046875
1980 0.046875
1990 0.0625
2000 0.046875
2010 0.046875
2020 0.0625
2030 0.046875
2040 0.0625
2050 0.046875
2060 0.046875
2070 0.0625
2080 0.046875
2090 0.0625
2100 0.0625
2110 0.046875
2120 0.0625
2130 0.0625
2140 0.046875
2150 0.0625
2160 0.0625
2170 0.0625
2180 0.0625
2190 0.0625
2200 0.0625
2210 0.0625
2220 0.0625
2230 0.0625
2240 0.0625
2250 0.078125
2260 0.0625
2270 0.0625
2280 0.0625
2290 0.078125
2300 0.0625
2310 0.0625
2320 0.078125
2330 0.0625
2340 0.078125
2350 0.0625
2360 0.078125
2370 0.078125
2380 0.0625
2390 0.078125
2400 0.078125
2410 0.078125
2420 0.078125
2430 0.0625
2440 0.078125
2450 0.078125
2460 0.078125
2470 0.078125
2480 0.078125
2490 0.078125
2500 0.078125
2510 0.078125
2520 0.09375
2530 0.078125
2540 0.078125
2550 0.09375
2560 0.078125
2570 0.09375
2580 0.078125
2590 0.09375
2600 0.078125
2610 0.09375
2620 0.078125
2630 0.09375
2640 0.09375
2650 0.09375
2660 0.09375
2670 0.078125
2680 0.09375
2690 0.09375
2700 0.109375
2710 0.09375
2720 0.09375
2730 0.09375
2740 0.09375
2750 0.109375
2760 0.09375
2770 0.09375
2780 0.09375
2790 0.109375
2800 0.09375
2810 0.109375
2820 0.09375
2830 0.109375
2840 0.109375
2850 0.09375
2860 0.109375
2870 0.109375
2880 0.109375
2890 0.09375
2900 0.109375
2910 0.109375
2920 0.109375
2930 0.125
2940 0.109375
2950 0.109375
2960 0.109375
2970 0.125
2980 0.109375
2990 0.109375
3000 0.125
3010 0.109375
3020 0.125
3030 0.109375
3040 0.125
3050 0.125
3060 0.125
3070 0.109375
3080 0.125
3090 0.125
3100 0.125
3110 0.125
3120 0.125
3130 0.125
3140 0.140625
3150 0.125
3160 0.125
3170 0.125
3180 0.140625
3190 0.125
3200 0.125
3210 0.140625
3220 0.125
3230 0.140625
3240 0.140625
3250 0.140625
3260 0.140625
3270 0.125
3280 0.140625
3290 0.140625
3300 0.140625
3310 0.140625
3320 0.140625
3330 0.140625
3340 0.15625
3350 0.140625
3360 0.140625
3370 0.15625
3380 0.140625
3390 0.140625
3400 0.15625
3410 0.15625
3420 0.15625
3430 0.140625
3440 0.15625
3450 0.15625
3460 0.15625
3470 0.15625
3480 0.15625
3490 0.15625
3500 0.15625
3510 0.15625
3520 0.15625
3530 0.171875
3540 0.15625
3550 0.15625
3560 0.15625
3570 0.171875
3580 0.171875
3590 0.15625
3600 0.171875
3610 0.171875
3620 0.15625
3630 0.171875
3640 0.171875
3650 0.171875
3660 0.171875
3670 0.171875
3680 0.171875
3690 0.1875
3700 0.1875
3710 0.1875
3720 0.171875
3730 0.1875
3740 0.171875
3750 0.1875
3760 0.1875
3770 0.1875
3780 0.171875
3790 0.1875
3800 0.1875
3810 0.1875
3820 0.1875
3830 0.1875
3840 0.1875
3850 0.203125
3860 0.1875
3870 0.1875
3880 0.1875
3890 0.203125
3900 0.1875
3910 0.203125
3920 0.203125
3930 0.1875
3940 0.203125
3950 0.203125
3960 0.203125
3970 0.1875
3980 0.203125
3990 0.21875
4000 0.203125
4010 0.203125
4020 0.21875
4030 0.203125
4040 0.21875
4050 0.203125
4060 0.21875
4070 0.21875
4080 0.203125
4090 0.21875
4100 0.21875
4110 0.21875
4120 0.203125
4130 0.21875
4140 0.21875
4150 0.234375
4160 0.21875
4170 0.21875
4180 0.21875
4190 0.234375
4200 0.234375
4210 0.21875
4220 0.234375
4230 0.234375
4240 0.21875
4250 0.234375
4260 0.234375
4270 0.234375
4280 0.234375
4290 0.234375
4300 0.25
4310 0.234375
4320 0.234375
4330 0.25
4340 0.25
4350 0.234375
4360 0.25
4370 0.25
4380 0.25
4390 0.25
4400 0.25
4410 0.25
4420 0.25
4430 0.265625
4440 0.25
4450 0.25
4460 0.25
4470 0.265625
4480 0.25
4490 0.265625
4500 0.265625
4510 0.25
4520 0.265625
4530 0.265625
4540 0.265625
4550 0.265625
4560 0.25
4570 0.265625
4580 0.265625
4590 0.28125
4600 0.265625
4610 0.265625
4620 0.28125
4630 0.28125
4640 0.28125
4650 0.265625
4660 0.28125
4670 0.28125
4680 0.28125
4690 0.28125
4700 0.28125
4710 0.296875
4720 0.28125
4730 0.296875
4740 0.28125
4750 0.296875
4760 0.296875
4770 0.296875
4780 0.296875
4790 0.296875
4800 0.296875
4810 0.296875
4820 0.296875
4830 0.296875
4840 0.296875
4850 0.3125
4860 0.296875
4870 0.3125
4880 0.296875
4890 0.3125
4900 0.3125
4910 0.3125
4920 0.3125
4930 0.3125
4940 0.3125
4950 0.3125
4960 0.3125
4970 0.328125
4980 0.3125
4990 0.328125
5000 0.3125
5010 0.328125
5020 0.328125
5030 0.328125
5040 0.328125
5050 0.328125
5060 0.328125
5070 0.34375
5080 0.34375
5090 0.34375
5100 0.359375
5110 0.34375
5120 0.34375
5130 0.328125
5140 0.34375
5150 0.34375
5160 0.34375
5170 0.34375
5180 0.34375
5190 0.34375
5200 0.359375
5210 0.34375
5220 0.34375
5230 0.390625
5240 0.375
5250 0.359375
5260 0.359375
5270 0.34375
5280 0.359375
5290 0.375
5300 0.359375
5310 0.359375
5320 0.359375
5330 0.375
5340 0.359375
5350 0.359375
5360 0.375
5370 0.375
5380 0.375
5390 0.390625
5400 0.359375
5410 0.390625
5420 0.375
5430 0.375
5440 0.390625
5450 0.375
5460 0.390625
5470 0.390625
5480 0.390625
5490 0.390625
5500 0.390625
5510 0.390625
5520 0.390625
5530 0.390625
5540 0.390625
5550 0.390625
5560 0.40625
5570 0.40625
5580 0.390625
5590 0.40625
5600 0.40625
5610 0.40625
5620 0.40625
5630 0.421875
5640 0.421875
5650 0.421875
5660 0.421875
5670 0.4375
5680 0.40625
5690 0.421875
5700 0.421875
5710 0.421875
5720 0.40625
5730 0.4375
5740 0.4375
5750 0.421875
5760 0.421875
5770 0.4375
5780 0.421875
5790 0.421875
5800 0.4375
5810 0.4375
5820 0.4375
5830 0.453125
5840 0.4375
5850 0.4375
5860 0.453125
5870 0.4375
5880 0.453125
5890 0.46875
5900 0.46875
5910 0.453125
5920 0.453125
5930 0.453125
5940 0.453125
5950 0.453125
5960 0.46875
5970 0.453125
5980 0.453125
5990 0.46875
6000 0.453125
6010 0.46875
6020 0.453125
6030 0.46875
6040 0.46875
6050 0.46875
6060 0.484375
6070 0.5
6080 0.484375
6090 0.5
6100 0.484375
6110 0.484375
6120 0.46875
6130 0.484375
6140 0.484375
6150 0.5
6160 0.484375
6170 0.5
6180 0.484375
6190 0.5
6200 0.5
6210 0.515625
6220 0.5
6230 0.5
6240 0.5
6250 0.5625
6260 0.546875
6270 0.515625
6280 0.515625
6290 0.5
6300 0.5
6310 0.53125
6320 0.5
6330 0.515625
6340 0.515625
6350 0.53125
6360 0.515625
6370 0.53125
6380 0.515625
6390 0.53125
6400 0.515625
6410 0.53125
6420 0.53125
6430 0.53125
6440 0.53125
6450 0.53125
6460 0.53125
6470 0.546875
6480 0.53125
6490 0.5625
6500 0.5625
6510 0.578125
6520 0.546875
6530 0.546875
6540 0.546875
6550 0.546875
6560 0.5625
6570 0.5625
6580 0.546875
6590 0.546875
6600 0.5625
6610 0.5625
6620 0.5625
6630 0.5625
6640 0.59375
6650 0.578125
6660 0.578125
6670 0.578125
6680 0.59375
6690 0.578125
6700 0.59375
6710 0.578125
6720 0.59375
6730 0.59375
6740 0.609375
6750 0.59375
6760 0.609375
6770 0.609375
6780 0.609375
6790 0.578125
6800 0.59375
6810 0.59375
6820 0.59375
6830 0.59375
6840 0.609375
6850 0.609375
6860 0.59375
6870 0.625
6880 0.625
6890 0.625
6900 0.640625
6910 0.625
6920 0.640625
6930 0.640625
6940 0.625
6950 0.625
6960 0.625
6970 0.640625
6980 0.640625
6990 0.640625
7000 0.625
7010 0.65625
7020 0.640625
7030 0.640625
7040 0.625
7050 0.65625
7060 0.640625
7070 0.625
7080 0.65625
7090 0.640625
7100 0.65625
7110 0.640625
7120 0.671875
7130 0.65625
7140 0.65625
7150 0.65625
7160 0.671875
7170 0.671875
7180 0.65625
7190 0.65625
7200 0.65625
7210 0.671875
7220 0.703125
7230 0.671875
7240 0.671875
7250 0.734375
7260 0.703125
7270 0.703125
7280 0.703125
7290 0.703125
7300 0.6875
7310 0.6875
7320 0.703125
7330 0.6875
7340 0.703125
7350 0.6875
7360 0.71875
7370 0.6875
7380 0.703125
7390 0.75
7400 0.71875
7410 0.71875
7420 0.71875
7430 0.703125
7440 0.71875
7450 0.734375
7460 0.71875
7470 0.734375
7480 0.71875
7490 0.734375
7500 0.75
7510 0.75
7520 0.734375
7530 0.71875
7540 0.75
7550 0.765625
7560 0.765625
7570 0.78125
7580 0.765625
7590 0.765625
7600 0.78125
7610 0.75
7620 0.75
7630 0.75
7640 0.734375
7650 0.75
7660 0.765625
7670 0.765625
7680 0.765625
7690 0.75
7700 0.765625
7710 0.765625
7720 0.765625
7730 0.75
7740 0.765625
7750 0.78125
7760 0.78125
7770 0.78125
7780 0.78125
7790 0.78125
7800 0.78125
7810 0.78125
7820 0.78125
7830 0.796875
7840 0.90625
7850 0.84375
7860 0.8125
7870 0.828125
7880 0.828125
7890 0.828125
7900 0.828125
7910 0.84375
7920 0.84375
7930 0.859375
7940 0.84375
7950 0.875
7960 0.859375
7970 0.84375
7980 0.84375
7990 0.828125
8000 0.84375
8010 0.84375
8020 0.84375
8030 0.859375
8040 0.84375
8050 0.859375
8060 0.859375
8070 0.859375
8080 0.84375
8090 0.84375
8100 0.84375
8110 0.828125
8120 0.859375
8130 0.859375
8140 0.875
8150 0.875
8160 0.890625
8170 0.890625
8180 0.890625
8190 0.875
8200 0.890625
8210 0.859375
8220 0.875
8230 0.875
8240 0.859375
8250 0.875
8260 0.890625
8270 0.875
8280 0.875
8290 0.890625
8300 0.875
8310 0.890625
8320 0.890625
8330 0.890625
8340 0.90625
8350 0.875
8360 0.890625
8370 0.921875
8380 0.9375
8390 0.9375
8400 0.890625
8410 0.90625
8420 0.921875
8430 0.90625
8440 0.90625
8450 0.921875
8460 0.921875
8470 0.921875
8480 0.9375
8490 0.9375
8500 0.921875
8510 0.9375
8520 0.921875
8530 0.953125
8540 0.984375
8550 0.953125
8560 0.953125
8570 0.953125
8580 0.9375
8590 0.96875
8600 0.953125
8610 0.96875
8620 0.953125
8630 0.953125
8640 0.96875
8650 0.953125
8660 0.984375
8670 1.01562
8680 1
8690 0.984375
8700 0.96875
8710 0.96875
8720 0.96875
8730 0.984375
8740 0.984375
8750 0.984375
8760 0.984375
8770 0.984375
8780 1
8790 1.01562
8800 1
8810 1
8820 1
8830 1.04688
8840 1.04688
8850 1.07812
8860 1.07812
8870 1.0625
8880 1.0625
8890 1.07812
8900 1.0625
8910 1.0625
8920 1.10938
8930 1.09375
8940 1.04688
8950 1.07812
8960 1.07812
8970 1.0625
8980 1.0625
8990 1.0625
9000 1.0625
9010 1.07812
9020 1.04688
9030 1.0625
9040 1.0625
9050 1.07812
9060 1.0625
9070 1.0625
9080 1.0625
9090 1.0625
9100 1.0625
9110 1.07812
9120 1.10938
9130 1.09375
9140 1.10938
9150 1.0625
9160 1.07812
9170 1.0625
9180 1.09375
9190 1.09375
9200 1.10938
9210 1.09375
9220 1.09375
9230 1.125
9240 1.125
9250 1.09375
9260 1.09375
9270 1.10938
9280 1.125
9290 1.09375
9300 1.125
9310 1.14062
9320 1.14062
9330 1.14062
9340 1.10938
9350 1.14062
9360 1.125
9370 1.17188
9380 1.15625
9390 1.15625
9400 1.15625
9410 1.17188
9420 1.1875
9430 1.17188
9440 1.1875
9450 1.17188
9460 1.21875
9470 1.20312
9480 1.23438
9490 1.20312
9500 1.21875
9510 1.20312
9520 1.20312
9530 1.20312
9540 1.20312
9550 1.23438
9560 1.1875
9570 1.20312
9580 1.23438
9590 1.20312
9600 1.1875
9610 1.1875
9620 1.17188
9630 1.1875
9640 1.23438
9650 1.23438
9660 1.20312
9670 1.20312
9680 1.20312
9690 1.25
9700 1.25
9710 1.21875
9720 1.25
9730 1.23438
9740 1.23438
9750 1.25
9760 1.23438
9770 1.21875
9780 1.23438
9790 1.25
9800 1.23438
9810 1.23438
9820 1.25
9830 1.23438
9840 1.25
9850 1.23438
9860 1.26562
9870 1.26562
9880 1.26562
9890 1.29688
9900 1.3125
9910 1.28125
9920 1.28125
9930 1.3125
9940 1.34375
9950 1.375
9960 1.35938
9970 1.34375
9980 1.34375
9990 1.375
