10 0
20 0
30 0
40 0
50 0
60 0
70 0
80 0
90 0
100 0
110 0
120 0
130 0
140 0
150 0
160 0
170 0
180 0
190 0
200 0
210 0
220 0
230 0.015625
240 0
250 0
260 0
270 0
280 0
290 0
300 0
310 0
320 0.015625
330 0
340 0
350 0
360 0
370 0
380 0.015625
390 0
400 0
410 0
420 0.015625
430 0
440 0
450 0
460 0.015625
470 0
480 0
490 0.015625
500 0
510 0
520 0.015625
530 0
540 0
550 0.015625
560 0
570 0.015625
580 0
590 0.015625
600 0
610 0.015625
620 0
630 0.015625
640 0
650 0.015625
660 0
670 0.015625
680 0.015625
690 0
700 0.015625
710 0.015625
720 0
730 0.015625
740 0.015625
750 0.015625
760 0
770 0
780 0.015625
790 0.015625
800 0.015625
810 0.015625
820 0.015625
830 0.015625
840 0.015625
850 0.015625
860 0.015625
870 0.015625
880 0.015625
890 0.015625
900 0.015625
910 0.03125
920 0.015625
930 0.015625
940 0.015625
950 0.03125
960 0.015625
970 0.015625
980 0.03125
990 0.015625
1000 0.015625
1010 0.015625
1020 0.03125
1030 0.015625
1040 0.03125
1050 0.015625
1060 0.03125
1070 0.015625
1080 0.03125
1090 0.03125
1100 0.015625
1110 0.03125
1120 0.03125
1130 0.015625
1140 0.046875
1150 0.015625
1160 0.03125
1170 0.03125
1180 0.03125
1190 0.03125
1200 0.03125
1210 0.03125
1220 0.03125
1230 0.03125
1240 0.03125
1250 0.03125
1260 0.046875
1270 0.03125
1280 0.03125
1290 0.03125
1300 0.046875
1310 0.03125
1320 0.03125
1330 0.046875
1340 0.03125
1350 0.046875
1360 0.03125
1370 0.046875
1380 0.046875
1390 0.03125
1400 0.046875
1410 0.046875
1420 0.03125
1430 0.046875
1440 0.046875
1450 0.046875
1460 0.046875
1470 0.046875
1480 0.046875
1490 0.046875
1500 0.046875
1510 0.046875
1520 0.046875
1530 0.046875
1540 0.0625
1550 0.046875
1560 0.046875
1570 0.046875
1580 0.0625
1590 0.046875
1600 0.0625
1610 0.046875
1620 0.0625
1630 0.0625
1640 0.046875
1650 0.0625
1660 0.0625
1670 0.0625
1680 0.0625
1690 0.0625
1700 0.0625
1710 0.0625
1720 0.046875
1730 0.078125
1740 0.0625
1750 0.0625
1760 0.0625
1770 0.0625
1780 0.078125
1790 0.0625
1800 0.078125
1810 0.0625
1820 0.078125
1830 0.0625
1840 0.078125
1850 0.078125
1860 0.078125
1870 0.0625
1880 0.078125
1890 0.078125
1900 0.078125
1910 0.078125
1920 0.078125
1930 0.078125
1940 0.078125
1950 0.078125
1960 0.078125
1970 0.09375
1980 0.078125
1990 0.078125
2000 0.09375
2010 0.078125
2020 0.09375
2030 0.09375
2040 0.078125
2050 0.09375
2060 0.09375
2070 0.09375
2080 0.09375
2090 0.09375
2100 0.09375
2110 0.09375
2120 0.09375
2130 0.09375
2140 0.09375
2150 0.109375
2160 0.09375
2170 0.109375
2180 0.09375
2190 0.109375
2200 0.09375
2210 0.109375
2220 0.109375
2230 0.09375
2240 0.109375
2250 0.109375
2260 0.109375
2270 0.109375
2280 0.109375
2290 0.125
2300 0.109375
2310 0.109375
2320 0.109375
2330 0.125
2340 0.109375
2350 0.125
2360 0.109375
2370 0.125
2380 0.125
2390 0.125
2400 0.125
2410 0.109375
2420 0.125
2430 0.140625
2440 0.125
2450 0.125
2460 0.125
2470 0.125
2480 0.140625
2490 0.125
2500 0.140625
2510 0.125
2520 0.125
2530 0.140625
2540 0.140625
2550 0.140625
2560 0.140625
2570 0.140625
2580 0.140625
2590 0.140625
2600 0.140625
2610 0.15625
2620 0.140625
2630 0.140625
2640 0.15625
2650 0.15625
2660 0.140625
2670 0.15625
2680 0.15625
2690 0.15625
2700 0.15625
2710 0.15625
2720 0.15625
2730 0.171875
2740 0.140625
2750 0.15625
2760 0.1875
2770 0.15625
2780 0.171875
2790 0.15625
2800 0.1875
2810 0.171875
2820 0.171875
2830 0.171875
2840 0.171875
2850 0.171875
2860 0.171875
2870 0.171875
2880 0.1875
2890 0.171875
2900 0.1875
2910 0.1875
2920 0.1875
2930 0.171875
2940 0.203125
2950 0.1875
2960 0.1875
2970 0.1875
2980 0.1875
2990 0.1875
3000 0.1875
3010 0.203125
3020 0.1875
3030 0.203125
3040 0.203125
3050 0.203125
3060 0.203125
3070 0.203125
3080 0.203125
3090 0.203125
3100 0.203125
3110 0.203125
3120 0.234375
3130 0.21875
3140 0.203125
3150 0.21875
3160 0.203125
3170 0.21875
3180 0.21875
3190 0.21875
3200 0.21875
3210 0.21875
3220 0.21875
3230 0.234375
3240 0.21875
3250 0.234375
3260 0.21875
3270 0.234375
3280 0.234375
3290 0.234375
3300 0.234375
3310 0.234375
3320 0.234375
3330 0.25
3340 0.234375
3350 0.234375
3360 0.25
3370 0.234375
3380 0.25
3390 0.25
3400 0.25
3410 0.265625
3420 0.25
3430 0.25
3440 0.265625
3450 0.265625
3460 0.25
3470 0.265625
3480 0.25
3490 0.265625
3500 0.265625
3510 0.265625
3520 0.265625
3530 0.28125
3540 0.265625
3550 0.265625
3560 0.265625
3570 0.28125
3580 0.265625
3590 0.296875
3600 0.265625
3610 0.296875
3620 0.28125
3630 0.28125
3640 0.28125
3650 0.28125
3660 0.296875
3670 0.296875
3680 0.28125
3690 0.296875
3700 0.296875
3710 0.296875
3720 0.296875
3730 0.296875
3740 0.296875
3750 0.3125
3760 0.296875
3770 0.296875
3780 0.3125
3790 0.296875
3800 0.3125
3810 0.3125
3820 0.3125
3830 0.3125
3840 0.328125
3850 0.3125
3860 0.3125
3870 0.328125
3880 0.3125
3890 0.328125
3900 0.328125
3910 0.328125
3920 0.328125
3930 0.328125
3940 0.34375
3950 0.328125
3960 0.34375
3970 0.328125
3980 0.34375
3990 0.34375
4000 0.34375
4010 0.34375
4020 0.328125
4030 0.34375
4040 0.359375
4050 0.34375
4060 0.359375
4070 0.359375
4080 0.359375
4090 0.359375
4100 0.359375
4110 0.375
4120 0.359375
4130 0.359375
4140 0.375
4150 0.359375
4160 0.375
4170 0.375
4180 0.375
4190 0.375
4200 0.375
4210 0.375
4220 0.390625
4230 0.375
4240 0.390625
4250 0.390625
4260 0.390625
4270 0.390625
4280 0.390625
4290 0.390625
4300 0.390625
4310 0.40625
4320 0.390625
4330 0.40625
4340 0.40625
4350 0.40625
4360 0.40625
4370 0.390625
4380 0.421875
4390 0.421875
4400 0.421875
4410 0.4375
4420 0.4375
4430 0.421875
4440 0.421875
4450 0.421875
4460 0.421875
4470 0.4375
4480 0.421875
4490 0.46875
4500 0.453125
4510 0.421875
4520 0.4375
4530 0.4375
4540 0.453125
4550 0.4375
4560 0.46875
4570 0.46875
4580 0.453125
4590 0.453125
4600 0.46875
4610 0.453125
4620 0.46875
4630 0.453125
4640 0.453125
4650 0.46875
4660 0.46875
4670 0.453125
4680 0.484375
4690 0.46875
4700 0.46875
4710 0.5
4720 0.484375
4730 0.46875
4740 0.484375
4750 0.484375
4760 0.484375
4770 0.484375
4780 0.484375
4790 0.5
4800 0.484375
4810 0.484375
4820 0.5
4830 0.5
4840 0.5
4850 0.5
4860 0.5
4870 0.515625
4880 0.5
4890 0.515625
4900 0.515625
4910 0.515625
4920 0.546875
4930 0.53125
4940 0.515625
4950 0.546875
4960 0.53125
4970 0.5625
4980 0.546875
4990 0.53125
5000 0.53125
5010 0.53125
5020 0.53125
5030 0.546875
5040 0.53125
5050 0.546875
5060 0.546875
5070 0.546875
5080 0.5625
5090 0.546875
5100 0.5625
5110 0.546875
5120 0.5625
5130 0.5625
5140 0.5625
5150 0.578125
5160 0.5625
5170 0.578125
5180 0.5625
5190 0.578125
5200 0.578125
5210 0.578125
5220 0.578125
5230 0.59375
5240 0.578125
5250 0.59375
5260 0.59375
5270 0.59375
5280 0.59375
5290 0.59375
5300 0.59375
5310 0.609375
5320 0.609375
5330 0.609375
5340 0.59375
5350 0.625
5360 0.609375
5370 0.609375
5380 0.625
5390 0.625
5400 0.609375
5410 0.625
5420 0.625
5430 0.625
5440 0.640625
5450 0.625
5460 0.640625
5470 0.640625
5480 0.640625
5490 0.640625
5500 0.65625
5510 0.640625
5520 0.640625
5530 0.65625
5540 0.65625
5550 0.65625
5560 0.65625
5570 0.671875
5580 0.65625
5590 0.671875
5600 0.671875
5610 0.671875
5620 0.671875
5630 0.671875
5640 0.6875
5650 0.671875
5660 0.6875
5670 0.6875
5680 0.6875
5690 0.6875
5700 0.703125
5710 0.6875
5720 0.703125
5730 0.703125
5740 0.703125
5750 0.703125
5760 0.703125
5770 0.71875
5780 0.71875
5790 0.703125
5800 0.71875
5810 0.71875
5820 0.71875
5830 0.734375
5840 0.71875
5850 0.734375
5860 0.734375
5870 0.734375
5880 0.734375
5890 0.734375
5900 0.75
5910 0.75
5920 0.734375
5930 0.765625
5940 0.75
5950 0.75
5960 0.765625
5970 0.75
5980 0.765625
5990 0.765625
6000 0.765625
6010 0.78125
6020 0.765625
6030 0.78125
6040 0.78125
6050 0.78125
6060 0.78125
6070 0.796875
6080 0.796875
6090 0.78125
6100 0.796875
6110 0.796875
6120 0.796875
6130 0.8125
6140 0.796875
6150 0.8125
6160 0.796875
6170 0.8125
6180 0.8125
6190 0.8125
6200 0.828125
6210 0.8125
6220 0.828125
6230 0.828125
6240 0.828125
6250 0.84375
6260 0.828125
6270 0.84375
6280 0.84375
6290 0.84375
6300 0.84375
6310 0.84375
6320 0.84375
6330 0.859375
6340 0.875
6350 0.859375
6360 0.859375
6370 0.875
6380 0.859375
6390 0.875
6400 0.875
6410 0.875
6420 0.875
6430 0.890625
6440 0.875
6450 0.90625
6460 0.890625
6470 0.875
6480 0.890625
6490 0.953125
6500 0.921875
6510 0.921875
6520 0.90625
6530 0.90625
6540 0.921875
6550 0.90625
6560 0.921875
6570 0.921875
6580 0.921875
6590 0.921875
6600 0.9375
6610 0.9375
6620 0.921875
6630 0.9375
6640 0.953125
6650 0.9375
6660 0.953125
6670 0.9375
6680 0.953125
6690 0.96875
6700 0.953125
6710 0.953125
6720 0.96875
6730 0.96875
6740 0.96875
6750 0.96875
6760 0.984375
6770 0.96875
6780 0.984375
6790 0.984375
6800 0.984375
6810 1
6820 0.984375
6830 1
6840 1.01562
6850 1.01562
6860 1.01562
6870 1
6880 1.01562
6890 1.17188
6900 1.04688
6910 1.03125
6920 1.04688
6930 1.07812
6940 1.0625
6950 1.17188
6960 1.0625
6970 1.0625
6980 1.125
6990 1.20312
7000 1.09375
7010 1.09375
7020 1.07812
7030 1.07812
7040 1.10938
7050 1.07812
7060 1.09375
7070 1.17188
7080 1.1875
7090 1.15625
7100 1.09375
7110 1.15625
7120 1.25
7130 1.23438
7140 1.14062
7150 1.15625
7160 1.17188
7170 1.14062
7180 1.34375
7190 1.17188
7200 1.21875
7210 1.1875
7220 1.14062
7230 1.125
7240 1.10938
7250 1.125
7260 1.125
7270 1.125
7280 1.17188
7290 1.15625
7300 1.14062
7310 1.14062
7320 1.15625
7330 1.14062
7340 1.15625
7350 1.15625
7360 1.15625
7370 1.17188
7380 1.15625
7390 1.17188
7400 1.17188
7410 1.17188
7420 1.17188
7430 1.17188
7440 1.1875
7450 1.1875
7460 1.1875
7470 1.1875
7480 1.20312
7490 1.20312
7500 1.20312
7510 1.20312
7520 1.20312
7530 1.21875
7540 1.20312
7550 1.1875
7560 1.23438
7570 1.21875
7580 1.23438
7590 1.23438
7600 1.23438
7610 1.23438
7620 1.23438
7630 1.25
7640 1.25
7650 1.25
7660 1.25
7670 1.25
7680 1.25
7690 1.28125
7700 1.26562
7710 1.26562
7720 1.26562
7730 1.28125
7740 1.28125
7750 1.28125
7760 1.29688
7770 1.28125
7780 1.3125
7790 1.29688
7800 1.28125
7810 1.29688
7820 1.32812
7830 1.3125
7840 1.3125
7850 1.3125
7860 1.3125
7870 1.32812
7880 1.32812
7890 1.32812
7900 1.32812
7910 1.32812
7920 1.34375
7930 1.34375
7940 1.34375
7950 1.35938
7960 1.34375
7970 1.34375
7980 1.375
7990 1.34375
8000 1.375
8010 1.375
8020 1.375
8030 1.375
8040 1.375
8050 1.39062
8060 1.375
8070 1.40625
8080 1.39062
8090 1.51562
8100 1.4375
8110 1.51562
8120 1.59375
8130 1.42188
8140 1.45312
8150 1.45312
8160 1.42188
8170 1.42188
8180 1.42188
8190 1.4375
8200 1.45312
8210 1.4375
8220 1.45312
8230 1.4375
8240 1.45312
8250 1.45312
8260 1.46875
8270 1.45312
8280 1.46875
8290 1.46875
8300 1.46875
8310 1.46875
8320 1.48438
8330 1.48438
8340 1.46875
8350 1.5
8360 1.5
8370 1.48438
8380 1.5
8390 1.51562
8400 1.51562
8410 1.51562
8420 1.51562
8430 1.51562
8440 1.51562
8450 1.53125
8460 1.53125
8470 1.53125
8480 1.53125
8490 1.54688
8500 1.54688
8510 1.54688
8520 1.54688
8530 1.54688
8540 1.5625
8550 1.5625
8560 1.5625
8570 1.5625
8580 1.5625
8590 1.59375
8600 1.57812
8610 1.57812
8620 1.59375
8630 1.57812
8640 1.60938
8650 1.59375
8660 1.60938
8670 1.59375
8680 1.60938
8690 1.60938
8700 1.625
8710 1.60938
8720 1.625
8730 1.64062
8740 1.625
8750 1.65625
8760 1.64062
8770 1.64062
8780 1.64062
8790 1.67188
8800 1.65625
8810 1.65625
8820 1.65625
8830 1.67188
8840 1.67188
8850 1.6875
8860 1.67188
8870 1.67188
8880 1.6875
8890 1.6875
8900 1.70312
8910 1.6875
8920 1.70312
8930 1.70312
8940 1.70312
8950 1.71875
8960 1.71875
8970 1.71875
8980 1.71875
8990 1.73438
9000 1.73438
9010 1.73438
9020 1.73438
9030 1.73438
9040 1.75
9050 1.75
9060 1.78125
9070 1.78125
9080 1.75
9090 1.78125
9100 1.78125
9110 1.76562
9120 1.78125
9130 1.78125
9140 1.76562
9150 1.78125
9160 1.78125
9170 1.79688
9180 1.79688
9190 1.8125
9200 1.8125
9210 1.79688
9220 1.8125
9230 1.82812
9240 1.82812
9250 1.8125
9260 1.82812
9270 1.84375
9280 1.84375
9290 1.85938
9300 1.84375
9310 1.875
9320 1.89062
9330 1.89062
9340 1.89062
9350 1.89062
9360 1.89062
9370 1.875
9380 1.875
9390 1.89062
9400 1.875
9410 1.89062
9420 1.89062
9430 1.90625
9440 1.90625
9450 1.90625
9460 1.90625
9470 1.92188
9480 1.92188
9490 1.92188
9500 1.90625
9510 2.14062
9520 1.96875
9530 1.98438
9540 2
9550 2.23438
9560 2.5
9570 2.09375
9580 2.34375
9590 2.17188
9600 2.32812
9610 2.23438
9620 2.4375
9630 2.3125
9640 2.07812
9650 2.21875
9660 2.23438
9670 2.1875
9680 2.0625
9690 2.46875
9700 2.28125
9710 2.125
9720 2.23438
9730 2.5
9740 2.34375
9750 2.28125
9760 2.20312
9770 2.10938
9780 2.15625
9790 2.09375
9800 2.14062
9810 2.0625
9820 2.0625
9830 2.09375
9840 2.14062
9850 2.07812
9860 2.07812
9870 2.09375
9880 2.14062
9890 2.125
9900 2.10938
9910 2.15625
9920 2.125
9930 2.10938
9940 2.10938
9950 2.125
9960 2.14062
9970 2.17188
9980 2.14062
9990 2.1875
