10 0
20 0
30 0
40 0
50 0
60 0
70 0
80 0
90 0
100 0
110 0
120 0
130 0
140 0
150 0
160 0
170 0
180 0
190 0
200 0.015625
210 0
220 0
230 0
240 0
250 0
260 0
270 0
280 0
290 0
300 0
310 0
320 0
330 0
340 0
350 0
360 0
370 0.015625
380 0
390 0
400 0
410 0
420 0
430 0
440 0.015625
450 0
460 0
470 0
480 0
490 0
500 0.015625
510 0
520 0
530 0
540 0
550 0.015625
560 0
570 0
580 0
590 0.015625
600 0
610 0
620 0
630 0.015625
640 0
650 0
660 0.015625
670 0
680 0
690 0.015625
700 0
710 0
720 0.015625
730 0
740 0
750 0.015625
760 0
770 0.015625
780 0
790 0.015625
800 0
810 0
820 0.015625
830 0
840 0
850 0.015625
860 0
870 0.015625
880 0
890 0.015625
900 0.015625
910 0.015625
920 0
930 0.015625
940 0
950 0.015625
960 0.015625
970 0
980 0.015625
990 0
1000 0.015625
1010 0
1020 0.015625
1030 0.015625
1040 0.015625
1050 0
1060 0.015625
1070 0.015625
1080 0.015625
1090 0.015625
1100 0
1110 0.015625
1120 0.015625
1130 0.015625
1140 0.015625
1150 0.015625
1160 0.015625
1170 0.015625
1180 0.015625
1190 0.015625
1200 0.015625
1210 0.015625
1220 0.015625
1230 0.03125
1240 0.015625
1250 0.015625
1260 0.015625
1270 0.015625
1280 0.015625
1290 0.015625
1300 0.015625
1310 0.03125
1320 0.015625
1330 0.015625
1340 0.015625
1350 0.03125
1360 0.015625
1370 0.03125
1380 0.015625
1390 0.03125
1400 0.015625
1410 0.015625
1420 0.03125
1430 0.015625
1440 0.03125
1450 0.015625
1460 0.03125
1470 0.015625
1480 0.03125
1490 0.015625
1500 0.03125
1510 0.03125
1520 0.03125
1530 0.015625
1540 0.03125
1550 0.03125
1560 0.03125
1570 0.015625
1580 0.03125
1590 0.03125
1600 0.03125
1610 0.03125
1620 0.03125
1630 0.015625
1640 0.03125
1650 0.03125
1660 0.03125
1670 0.03125
1680 0.03125
1690 0.046875
1700 0.03125
1710 0.03125
1720 0.03125
1730 0.03125
1740 0.03125
1750 0.03125
1760 0.046875
1770 0.03125
1780 0.03125
1790 0.03125
1800 0.046875
1810 0.03125
1820 0.03125
1830 0.03125
1840 0.046875
1850 0.046875
1860 0.03125
1870 0.03125
1880 0.046875
1890 0.03125
1900 0.046875
1910 0.046875
1920 0.046875
1930 0.03125
1940 0.046875
1950 0.046875
1960 0.046875
1970 0.03125
1980 0.046875
1990 0.046875
2000 0.046875
2010 0.046875
2020 0.046875
2030 0.046875
2040 0.046875
2050 0.046875
2060 0.0625
2070 0.046875
2080 0.046875
2090 0.046875
2100 0.046875
2110 0.0625
2120 0.046875
2130 0.046875
2140 0.046875
2150 0.046875
2160 0.0625
2170 0.046875
2180 0.046875
2190 0.0625
2200 0.0625
2210 0.0625
2220 0.046875
2230 0.046875
2240 0.0625
2250 0.046875
2260 0.0625
2270 0.0625
2280 0.0625
2290 0.046875
2300 0.0625
2310 0.0625
2320 0.0625
2330 0.0625
2340 0.0625
2350 0.0625
2360 0.0625
2370 0.0625
2380 0.0625
2390 0.0625
2400 0.0625
2410 0.0625
2420 0.0625
2430 0.0625
2440 0.078125
2450 0.0625
2460 0.0625
2470 0.078125
2480 0.0625
2490 0.0625
2500 0.078125
2510 0.0625
2520 0.09375
2530 0.0625
2540 0.078125
2550 0.078125
2560 0.0625
2570 0.078125
2580 0.078125
2590 0.078125
2600 0.0625
2610 0.078125
2620 0.078125
2630 0.078125
2640 0.078125
2650 0.078125
2660 0.078125
2670 0.078125
2680 0.078125
2690 0.078125
2700 0.09375
2710 0.078125
2720 0.078125
2730 0.09375
2740 0.078125
2750 0.078125
2760 0.09375
2770 0.09375
2780 0.078125
2790 0.078125
2800 0.09375
2810 0.09375
2820 0.078125
2830 0.09375
2840 0.09375
2850 0.078125
2860 0.09375
2870 0.109375
2880 0.09375
2890 0.078125
2900 0.09375
2910 0.109375
2920 0.09375
2930 0.09375
2940 0.09375
2950 0.09375
2960 0.109375
2970 0.09375
2980 0.109375
2990 0.09375
3000 0.09375
3010 0.109375
3020 0.09375
3030 0.109375
3040 0.109375
3050 0.109375
3060 0.109375
3070 0.109375
3080 0.109375
3090 0.109375
3100 0.109375
3110 0.109375
3120 0.109375
3130 0.109375
3140 0.109375
3150 0.125
3160 0.109375
3170 0.109375
3180 0.109375
3190 0.109375
3200 0.125
3210 0.109375
3220 0.125
3230 0.125
3240 0.109375
3250 0.125
3260 0.125
3270 0.125
3280 0.109375
3290 0.140625
3300 0.109375
3310 0.125
3320 0.125
3330 0.125
3340 0.125
3350 0.125
3360 0.125
3370 0.140625
3380 0.125
3390 0.125
3400 0.140625
3410 0.125
3420 0.140625
3430 0.140625
3440 0.140625
3450 0.140625
3460 0.171875
3470 0.140625
3480 0.140625
3490 0.125
3500 0.140625
3510 0.140625
3520 0.140625
3530 0.140625
3540 0.140625
3550 0.140625
3560 0.140625
3570 0.140625
3580 0.15625
3590 0.140625
3600 0.15625
3610 0.171875
3620 0.15625
3630 0.15625
3640 0.140625
3650 0.15625
3660 0.15625
3670 0.15625
3680 0.140625
3690 0.15625
3700 0.15625
3710 0.171875
3720 0.15625
3730 0.171875
3740 0.15625
3750 0.15625
3760 0.15625
3770 0.15625
3780 0.15625
3790 0.171875
3800 0.15625
3810 0.171875
3820 0.171875
3830 0.171875
3840 0.15625
3850 0.171875
3860 0.15625
3870 0.171875
3880 0.171875
3890 0.1875
3900 0.15625
3910 0.1875
3920 0.171875
3930 0.1875
3940 0.171875
3950 0.1875
3960 0.171875
3970 0.1875
3980 0.1875
3990 0.171875
4000 0.1875
4010 0.1875
4020 0.1875
4030 0.1875
4040 0.1875
4050 0.171875
4060 0.1875
4070 0.1875
4080 0.1875
4090 0.1875
4100 0.1875
4110 0.1875
4120 0.203125
4130 0.1875
4140 0.1875
4150 0.1875
4160 0.1875
4170 0.203125
4180 0.1875
4190 0.203125
4200 0.1875
4210 0.203125
4220 0.203125
4230 0.203125
4240 0.1875
4250 0.21875
4260 0.203125
4270 0.203125
4280 0.203125
4290 0.203125
4300 0.21875
4310 0.203125
4320 0.21875
4330 0.203125
4340 0.21875
4350 0.203125
4360 0.21875
4370 0.21875
4380 0.21875
4390 0.21875
4400 0.203125
4410 0.21875
4420 0.234375
4430 0.21875
4440 0.21875
4450 0.21875
4460 0.21875
4470 0.234375
4480 0.21875
4490 0.21875
4500 0.234375
4510 0.21875
4520 0.21875
4530 0.25
4540 0.21875
4550 0.25
4560 0.25
4570 0.234375
4580 0.25
4590 0.25
4600 0.25
4610 0.25
4620 0.25
4630 0.25
4640 0.25
4650 0.25
4660 0.265625
4670 0.265625
4680 0.234375
4690 0.234375
4700 0.25
4710 0.25
4720 0.265625
4730 0.25
4740 0.25
4750 0.296875
4760 0.234375
4770 0.28125
4780 0.265625
4790 0.25
4800 0.28125
4810 0.265625
4820 0.25
4830 0.28125
4840 0.25
4850 0.265625
4860 0.265625
4870 0.265625
4880 0.28125
4890 0.265625
4900 0.28125
4910 0.265625
4920 0.28125
4930 0.265625
4940 0.28125
4950 0.28125
4960 0.28125
4970 0.28125
4980 0.28125
4990 0.296875
5000 0.296875
5010 0.296875
5020 0.28125
5030 0.296875
5040 0.28125
5050 0.28125
5060 0.28125
5070 0.28125
5080 0.296875
5090 0.3125
5100 0.296875
5110 0.28125
5120 0.296875
5130 0.296875
5140 0.296875
5150 0.296875
5160 0.296875
5170 0.296875
5180 0.296875
5190 0.3125
5200 0.296875
5210 0.3125
5220 0.3125
5230 0.34375
5240 0.3125
5250 0.3125
5260 0.3125
5270 0.296875
5280 0.34375
5290 0.34375
5300 0.328125
5310 0.3125
5320 0.328125
5330 0.296875
5340 0.34375
5350 0.328125
5360 0.328125
5370 0.328125
5380 0.34375
5390 0.328125
5400 0.34375
5410 0.328125
5420 0.3125
5430 0.34375
5440 0.328125
5450 0.375
5460 0.359375
5470 0.34375
5480 0.34375
5490 0.328125
5500 0.34375
5510 0.359375
5520 0.359375
5530 0.34375
5540 0.375
5550 0.359375
5560 0.359375
5570 0.375
5580 0.359375
5590 0.34375
5600 0.375
5610 0.40625
5620 0.390625
5630 0.359375
5640 0.34375
5650 0.359375
5660 0.359375
5670 0.359375
5680 0.359375
5690 0.359375
5700 0.359375
5710 0.375
5720 0.359375
5730 0.375
5740 0.375
5750 0.359375
5760 0.390625
5770 0.359375
5780 0.375
5790 0.390625
5800 0.390625
5810 0.390625
5820 0.421875
5830 0.390625
5840 0.40625
5850 0.390625
5860 0.390625
5870 0.421875
5880 0.390625
5890 0.40625
5900 0.390625
5910 0.390625
5920 0.390625
5930 0.390625
5940 0.40625
5950 0.390625
5960 0.390625
5970 0.40625
5980 0.390625
5990 0.390625
6000 0.421875
6010 0.40625
6020 0.40625
6030 0.421875
6040 0.4375
6050 0.421875
6060 0.4375
6070 0.4375
6080 0.4375
6090 0.453125
6100 0.4375
6110 0.453125
6120 0.4375
6130 0.46875
6140 0.453125
6150 0.4375
6160 0.421875
6170 0.453125
6180 0.4375
6190 0.453125
6200 0.484375
6210 0.453125
6220 0.46875
6230 0.453125
6240 0.421875
6250 0.46875
6260 0.46875
6270 0.4375
6280 0.46875
6290 0.46875
6300 0.4375
6310 0.453125
6320 0.453125
6330 0.453125
6340 0.453125
6350 0.46875
6360 0.453125
6370 0.46875
6380 0.46875
6390 0.46875
6400 0.5
6410 0.46875
6420 0.484375
6430 0.453125
6440 0.46875
6450 0.484375
6460 0.453125
6470 0.46875
6480 0.484375
6490 0.484375
6500 0.46875
6510 0.46875
6520 0.484375
6530 0.53125
6540 0.5
6550 0.515625
6560 0.5
6570 0.5
6580 0.515625
6590 0.5
6600 0.515625
6610 0.515625
6620 0.5
6630 0.484375
6640 0.5
6650 0.5
6660 0.53125
6670 0.5
6680 0.53125
6690 0.5
6700 0.515625
6710 0.5
6720 0.53125
6730 0.53125
6740 0.53125
6750 0.53125
6760 0.5
6770 0.53125
6780 0.515625
6790 0.515625
6800 0.515625
6810 0.53125
6820 0.515625
6830 0.515625
6840 0.515625
6850 0.53125
6860 0.53125
6870 0.53125
6880 0.546875
6890 0.53125
6900 0.53125
6910 0.578125
6920 0.59375
6930 0.546875
6940 0.609375
6950 0.65625
6960 0.65625
6970 0.59375
6980 0.5625
6990 0.5625
7000 0.578125
7010 0.578125
7020 0.5625
7030 0.546875
7040 0.546875
7050 0.578125
7060 0.578125
7070 0.59375
7080 0.59375
7090 0.5625
7100 0.546875
7110 0.609375
7120 0.59375
7130 0.578125
7140 0.5625
7150 0.578125
7160 0.609375
7170 0.609375
7180 0.59375
7190 0.578125
7200 0.59375
7210 0.578125
7220 0.578125
7230 0.59375
7240 0.625
7250 0.609375
7260 0.640625
7270 0.609375
7280 0.625
7290 0.640625
7300 0.640625
7310 0.625
7320 0.609375
7330 0.65625
7340 0.65625
7350 0.625
7360 0.640625
7370 0.640625
7380 0.6875
7390 0.65625
7400 0.671875
7410 0.625
7420 0.625
7430 0.625
7440 0.625
7450 0.625
7460 0.609375
7470 0.65625
7480 0.640625
7490 0.65625
7500 0.65625
7510 0.625
7520 0.640625
7530 0.65625
7540 0.671875
7550 0.671875
7560 0.671875
7570 0.6875
7580 0.6875
7590 0.671875
7600 0.671875
7610 0.640625
7620 0.671875
7630 0.734375
7640 0.6875
7650 0.671875
7660 0.671875
7670 0.6875
7680 0.6875
7690 0.671875
7700 0.6875
7710 0.6875
7720 0.6875
7730 0.6875
7740 0.703125
7750 0.703125
7760 0.6875
7770 0.6875
7780 0.6875
7790 0.6875
7800 0.6875
7810 0.6875
7820 0.703125
7830 0.6875
7840 0.6875
7850 0.6875
7860 0.71875
7870 0.703125
7880 0.6875
7890 0.703125
7900 0.703125
7910 0.703125
7920 0.71875
7930 0.703125
7940 0.71875
7950 0.703125
7960 0.6875
7970 0.71875
7980 0.71875
7990 0.734375
8000 0.75
8010 0.75
8020 0.71875
8030 0.734375
8040 0.71875
8050 0.71875
8060 0.734375
8070 0.734375
8080 0.71875
8090 0.75
8100 0.734375
8110 0.734375
8120 0.734375
8130 0.78125
8140 0.78125
8150 0.78125
8160 0.796875
8170 0.75
8180 0.75
8190 0.75
8200 0.765625
8210 0.75
8220 0.75
8230 0.75
8240 0.78125
8250 0.75
8260 0.765625
8270 0.78125
8280 0.75
8290 0.765625
8300 0.78125
8310 0.78125
8320 0.78125
8330 0.796875
8340 0.8125
8350 0.8125
8360 0.828125
8370 0.828125
8380 0.828125
8390 0.8125
8400 0.8125
8410 0.78125
8420 0.828125
8430 0.8125
8440 0.828125
8450 0.8125
8460 0.796875
8470 0.8125
8480 0.8125
8490 0.828125
8500 0.828125
8510 0.78125
8520 0.84375
8530 0.828125
8540 0.8125
8550 0.828125
8560 0.828125
8570 0.828125
8580 0.859375
8590 0.875
8600 0.828125
8610 0.859375
8620 0.828125
8630 0.84375
8640 0.84375
8650 0.875
8660 0.828125
8670 0.84375
8680 0.890625
8690 0.84375
8700 0.875
8710 0.90625
8720 0.890625
8730 0.875
8740 0.859375
8750 0.859375
8760 0.90625
8770 0.921875
8780 0.90625
8790 0.90625
8800 0.875
8810 0.890625
8820 0.875
8830 0.90625
8840 0.90625
8850 0.90625
8860 0.921875
8870 0.859375
8880 0.890625
8890 0.9375
8900 0.921875
8910 0.890625
8920 0.890625
8930 0.875
8940 0.921875
8950 0.90625
8960 0.890625
8970 0.921875
8980 0.953125
8990 0.96875
9000 0.921875
9010 0.9375
9020 0.9375
9030 0.953125
9040 0.953125
9050 0.9375
9060 0.96875
9070 0.9375
9080 0.921875
9090 0.96875
9100 0.9375
9110 0.9375
9120 0.921875
9130 0.953125
9140 0.96875
9150 1.01562
9160 0.953125
9170 1.03125
9180 1.17188
9190 1.01562
9200 1.10938
9210 1.09375
9220 0.96875
9230 0.96875
9240 0.953125
9250 0.96875
9260 1
9270 0.96875
9280 0.96875
9290 0.953125
9300 1.01562
9310 1.01562
9320 1.04688
9330 1.03125
9340 0.96875
9350 0.984375
9360 0.984375
9370 1
9380 1.01562
9390 1
9400 1
9410 1.03125
9420 1.03125
9430 1.04688
9440 1.01562
9450 1.0625
9460 1.0625
9470 1.03125
9480 1.01562
9490 1
9500 1.03125
9510 1.04688
9520 1.03125
9530 1.04688
9540 1.0625
9550 1.04688
9560 1.09375
9570 1.01562
9580 1.03125
9590 1.0625
9600 1.03125
9610 1.0625
9620 1.09375
9630 1.07812
9640 1.10938
9650 1.09375
9660 1.04688
9670 1.0625
9680 1.04688
9690 1.0625
9700 1.10938
9710 1.10938
9720 1.0625
9730 1.09375
9740 1.07812
9750 1.09375
9760 1.07812
9770 1.125
9780 1.09375
9790 1.10938
9800 1.15625
9810 1.14062
9820 1.14062
9830 1.09375
9840 1.125
9850 1.09375
9860 1.09375
9870 1.14062
9880 1.15625
9890 1.125
9900 1.10938
9910 1.125
9920 1.10938
9930 1.14062
9940 1.125
9950 1.10938
9960 1.15625
9970 1.14062
9980 1.17188
9990 1.17188
