10 0
20 0
30 0
40 0
50 0
60 0
70 0
80 0
90 0
100 0
110 0
120 0
130 0
140 0
150 0
160 0
170 0
180 0
190 0
200 0
210 0
220 0
230 0
240 0
250 0
260 0
270 0.001
280 0
290 0
300 0
310 0
320 0
330 0
340 0
350 0
360 0.001
370 0
380 0.001
390 0
400 0
410 0.001
420 0
430 0.001
440 0
450 0
460 0.001
470 0
480 0.001
490 0
500 0
510 0.001
520 0
530 0.001
540 0.001
550 0.001
560 0
570 0.001
580 0.001
590 0.001
600 0.001
610 0.001
620 0.001
630 0.001
640 0.001
650 0.001
660 0.001
670 0.002
680 0.001
690 0.001
700 0.001
710 0.002
720 0.001
730 0.001
740 0.002
750 0.001
760 0.002
770 0.001
780 0.002
790 0.001
800 0.001
810 0.002
820 0.002
830 0.001
840 0.002
850 0.002
860 0.002
870 0.002
880 0.002
890 0.002
900 0.002
910 0.002
920 0.003
930 0.002
940 0.002
950 0.002
960 0.003
970 0.002
980 0.003
990 0.002
1000 0.003
1010 0.002
1020 0.002
1030 0.003
1040 0.003
1050 0.002
1060 0.003
1070 0.003
1080 0.003
1090 0.003
1100 0.003
1110 0.003
1120 0.003
1130 0.003
1140 0.003
1150 0.003
1160 0.003
1170 0.003
1180 0.004
1190 0.003
1200 0.004
1210 0.004
1220 0.003
1230 0.004
1240 0.004
1250 0.004
1260 0.004
1270 0.004
1280 0.004
1290 0.003
1300 0.004
1310 0.004
1320 0.004
1330 0.004
1340 0.004
1350 0.004
1360 0.005
1370 0.004
1380 0.004
1390 0.005
1400 0.005
1410 0.005
1420 0.005
1430 0.005
1440 0.005
1450 0.005
1460 0.005
1470 0.006
1480 0.005
1490 0.006
1500 0.006
1510 0.005
1520 0.006
1530 0.006
1540 0.006
1550 0.006
1560 0.007
1570 0.006
1580 0.006
1590 0.006
1600 0.006
1610 0.007
1620 0.006
1630 0.006
1640 0.007
1650 0.007
1660 0.007
1670 0.007
1680 0.007
1690 0.007
1700 0.007
1710 0.007
1720 0.007
1730 0.008
1740 0.007
1750 0.007
1760 0.008
1770 0.008
1780 0.008
1790 0.008
1800 0.008
1810 0.008
1820 0.008
1830 0.008
1840 0.009
1850 0.008
1860 0.008
1870 0.008
1880 0.009
1890 0.009
1900 0.009
1910 0.009
1920 0.01
1930 0.009
1940 0.009
1950 0.009
1960 0.01
1970 0.01
1980 0.009
1990 0.009
2000 0.01
2010 0.01
2020 0.01
2030 0.011
2040 0.011
2050 0.011
2060 0.011
2070 0.01
2080 0.01
2090 0.011
2100 0.011
2110 0.011
2120 0.011
2130 0.011
2140 0.012
2150 0.011
2160 0.011
2170 0.012
2180 0.012
2190 0.012
2200 0.013
2210 0.012
2220 0.012
2230 0.013
2240 0.013
2250 0.013
2260 0.013
2270 0.014
2280 0.012
2290 0.015
2300 0.014
2310 0.014
2320 0.013
2330 0.014
2340 0.015
2350 0.015
2360 0.015
2370 0.014
2380 0.015
2390 0.015
2400 0.015
2410 0.015
2420 0.015
2430 0.016
2440 0.015
2450 0.016
2460 0.016
2470 0.016
2480 0.016
2490 0.016
2500 0.017
2510 0.016
2520 0.016
2530 0.016
2540 0.017
2550 0.017
2560 0.018
2570 0.017
2580 0.017
2590 0.017
2600 0.017
2610 0.017
2620 0.018
2630 0.018
2640 0.018
2650 0.019
2660 0.019
2670 0.019
2680 0.019
2690 0.02
2700 0.019
2710 0.02
2720 0.019
2730 0.018
2740 0.02
2750 0.02
2760 0.021
2770 0.021
2780 0.021
2790 0.021
2800 0.021
2810 0.021
2820 0.021
2830 0.022
2840 0.022
2850 0.022
2860 0.023
2870 0.022
2880 0.023
2890 0.022
2900 0.023
2910 0.022
2920 0.023
2930 0.023
2940 0.023
2950 0.024
2960 0.024
2970 0.024
2980 0.024
2990 0.024
3000 0.025
3010 0.025
3020 0.025
3030 0.025
3040 0.026
3050 0.025
3060 0.025
3070 0.026
3080 0.026
3090 0.025
3100 0.026
3110 0.027
3120 0.027
3130 0.027
3140 0.027
3150 0.028
3160 0.027
3170 0.027
3180 0.027
3190 0.028
3200 0.027
3210 0.028
3220 0.028
3230 0.029
3240 0.03
3250 0.029
3260 0.029
3270 0.03
3280 0.029
3290 0.03
3300 0.03
3310 0.031
3320 0.03
3330 0.031
3340 0.032
3350 0.031
3360 0.032
3370 0.033
3380 0.032
3390 0.032
3400 0.032
3410 0.032
3420 0.032
3430 0.033
3440 0.032
3450 0.033
3460 0.034
3470 0.034
3480 0.034
3490 0.034
3500 0.034
3510 0.034
3520 0.036
3530 0.035
3540 0.035
3550 0.035
3560 0.035
3570 0.035
3580 0.036
3590 0.035
3600 0.036
3610 0.037
3620 0.037
3630 0.037
3640 0.037
3650 0.036
3660 0.038
3670 0.038
3680 0.038
3690 0.038
3700 0.039
3710 0.039
3720 0.038
3730 0.039
3740 0.04
3750 0.038
3760 0.039
3770 0.039
3780 0.04
3790 0.04
3800 0.041
3810 0.041
3820 0.041
3830 0.041
3840 0.041
3850 0.042
3860 0.042
3870 0.042
3880 0.042
3890 0.043
3900 0.043
3910 0.043
3920 0.044
3930 0.042
3940 0.044
3950 0.044
3960 0.044
3970 0.044
3980 0.045
3990 0.044
4000 0.045
4010 0.045
4020 0.048
4030 0.046
4040 0.047
4050 0.046
4060 0.046
4070 0.046
4080 0.047
4090 0.046
4100 0.047
4110 0.048
4120 0.048
4130 0.048
4140 0.049
4150 0.049
4160 0.049
4170 0.048
4180 0.05
4190 0.05
4200 0.05
4210 0.05
4220 0.051
4230 0.051
4240 0.051
4250 0.051
4260 0.051
4270 0.052
4280 0.052
4290 0.052
4300 0.053
4310 0.052
4320 0.053
4330 0.054
4340 0.053
4350 0.053
4360 0.054
4370 0.055
4380 0.054
4390 0.055
4400 0.055
4410 0.055
4420 0.055
4430 0.057
4440 0.056
4450 0.055
4460 0.057
4470 0.057
4480 0.058
4490 0.058
4500 0.058
4510 0.057
4520 0.059
4530 0.058
4540 0.059
4550 0.06
4560 0.06
4570 0.06
4580 0.059
4590 0.06
4600 0.061
4610 0.062
4620 0.061
4630 0.062
4640 0.062
4650 0.062
4660 0.063
4670 0.064
4680 0.062
4690 0.062
4700 0.064
4710 0.063
4720 0.065
4730 0.065
4740 0.065
4750 0.065
4760 0.065
4770 0.065
4780 0.065
4790 0.066
4800 0.066
4810 0.065
4820 0.067
4830 0.067
4840 0.068
4850 0.068
4860 0.067
4870 0.068
4880 0.069
4890 0.068
4900 0.069
4910 0.07
4920 0.068
4930 0.07
4940 0.071
4950 0.071
4960 0.071
4970 0.071
4980 0.071
4990 0.072
5000 0.073
5010 0.072
5020 0.073
5030 0.073
5040 0.073
5050 0.073
5060 0.075
5070 0.074
5080 0.073
5090 0.075
5100 0.075
5110 0.074
5120 0.076
5130 0.075
5140 0.076
5150 0.077
5160 0.077
5170 0.076
5180 0.079
5190 0.077
5200 0.078
5210 0.08
5220 0.078
5230 0.079
5240 0.081
5250 0.079
5260 0.079
5270 0.08
5280 0.08
5290 0.081
5300 0.083
5310 0.093
5320 0.081
5330 0.085
5340 0.082
5350 0.083
5360 0.082
5370 0.084
5380 0.085
5390 0.084
5400 0.084
5410 0.084
5420 0.085
5430 0.088
5440 0.087
5450 0.085
5460 0.086
5470 0.087
5480 0.087
5490 0.085
5500 0.087
5510 0.088
5520 0.089
5530 0.088
5540 0.089
5550 0.089
5560 0.09
5570 0.089
5580 0.09
5590 0.09
5600 0.09
5610 0.09
5620 0.091
5630 0.092
5640 0.092
5650 0.093
5660 0.092
5670 0.095
5680 0.096
5690 0.093
5700 0.097
5710 0.096
5720 0.095
5730 0.098
5740 0.097
5750 0.095
5760 0.1
5770 0.098
5780 0.096
5790 0.098
5800 0.099
5810 0.097
5820 0.102
5830 0.1
5840 0.101
5850 0.104
5860 0.13
5870 0.101
5880 0.105
5890 0.102
5900 0.101
5910 0.102
5920 0.104
5930 0.102
5940 0.103
5950 0.103
5960 0.103
5970 0.103
5980 0.104
5990 0.104
6000 0.105
6010 0.105
6020 0.105
6030 0.106
6040 0.105
6050 0.105
6060 0.107
6070 0.106
6080 0.106
6090 0.109
6100 0.109
6110 0.107
6120 0.109
6130 0.109
6140 0.108
6150 0.111
6160 0.11
6170 0.11
6180 0.113
6190 0.111
6200 0.111
6210 0.11
6220 0.112
6230 0.112
6240 0.112
6250 0.114
6260 0.113
6270 0.114
6280 0.113
6290 0.115
6300 0.118
6310 0.115
6320 0.116
6330 0.117
6340 0.116
6350 0.119
6360 0.12
6370 0.119
6380 0.119
6390 0.121
6400 0.119
6410 0.121
6420 0.12
6430 0.122
6440 0.121
6450 0.121
6460 0.121
6470 0.124
6480 0.122
6490 0.122
6500 0.123
6510 0.151
6520 0.142
6530 0.126
6540 0.125
6550 0.125
6560 0.134
6570 0.134
6580 0.128
6590 0.129
6600 0.13
6610 0.128
6620 0.127
6630 0.128
6640 0.129
6650 0.153
6660 0.133
6670 0.131
6680 0.133
6690 0.13
6700 0.131
6710 0.131
6720 0.131
6730 0.133
6740 0.133
6750 0.132
6760 0.138
6770 0.132
6780 0.134
6790 0.135
6800 0.136
6810 0.137
6820 0.137
6830 0.137
6840 0.137
6850 0.14
6860 0.139
6870 0.139
6880 0.137
6890 0.139
6900 0.139
6910 0.144
6920 0.158
6930 0.14
6940 0.141
6950 0.143
6960 0.14
6970 0.142
6980 0.143
6990 0.141
7000 0.142
7010 0.143
7020 0.144
7030 0.145
7040 0.147
7050 0.145
7060 0.145
7070 0.144
7080 0.146
7090 0.146
7100 0.148
7110 0.147
7120 0.146
7130 0.149
7140 0.181
7150 0.149
7160 0.149
7170 0.148
7180 0.151
7190 0.15
7200 0.151
7210 0.151
7220 0.152
7230 0.152
7240 0.153
7250 0.153
7260 0.153
7270 0.155
7280 0.156
7290 0.154
7300 0.156
7310 0.157
7320 0.157
7330 0.157
7340 0.159
7350 0.157
7360 0.157
7370 0.162
7380 0.158
7390 0.16
7400 0.161
7410 0.159
7420 0.16
7430 0.16
7440 0.161
7450 0.161
7460 0.162
7470 0.163
7480 0.162
7490 0.165
7500 0.164
7510 0.166
7520 0.165
7530 0.166
7540 0.165
7550 0.168
7560 0.167
7570 0.168
7580 0.168
7590 0.166
7600 0.168
7610 0.167
7620 0.17
7630 0.169
7640 0.171
7650 0.17
7660 0.173
7670 0.172
7680 0.174
7690 0.173
7700 0.172
7710 0.173
7720 0.173
7730 0.175
7740 0.174
7750 0.175
7760 0.175
7770 0.176
7780 0.176
7790 0.178
7800 0.178
7810 0.178
7820 0.177
7830 0.179
7840 0.18
7850 0.182
7860 0.18
7870 0.182
7880 0.181
7890 0.18
7900 0.183
7910 0.181
7920 0.184
7930 0.183
7940 0.184
7950 0.184
7960 0.185
7970 0.184
7980 0.187
7990 0.186
8000 0.187
8010 0.189
8020 0.189
8030 0.191
8040 0.189
8050 0.19
8060 0.19
8070 0.195
8080 0.191
8090 0.192
8100 0.191
8110 0.193
8120 0.193
8130 0.194
8140 0.194
8150 0.194
8160 0.194
8170 0.196
8180 0.25
8190 0.198
8200 0.197
8210 0.197
8220 0.199
8230 0.197
8240 0.199
8250 0.199
8260 0.201
8270 0.2
8280 0.201
8290 0.202
8300 0.201
8310 0.203
8320 0.203
8330 0.203
8340 0.203
8350 0.204
8360 0.204
8370 0.205
8380 0.205
8390 0.205
8400 0.206
8410 0.207
8420 0.209
8430 0.208
8440 0.21
8450 0.209
8460 0.213
8470 0.211
8480 0.211
8490 0.213
8500 0.212
8510 0.214
8520 0.213
8530 0.214
8540 0.212
8550 0.216
8560 0.216
8570 0.215
8580 0.215
8590 0.215
8600 0.217
8610 0.218
8620 0.217
8630 0.217
8640 0.219
8650 0.22
8660 0.219
8670 0.221
8680 0.22
8690 0.222
8700 0.227
8710 0.229
8720 0.228
8730 0.228
8740 0.23
8750 0.232
8760 0.23
8770 0.232
8780 0.234
8790 0.233
8800 0.235
8810 0.234
8820 0.238
8830 0.238
8840 0.236
8850 0.231
8860 0.237
8870 0.242
8880 0.237
8890 0.231
8900 0.234
8910 0.24
8920 0.239
8930 0.238
8940 0.235
8950 0.241
8960 0.242
8970 0.243
8980 0.238
8990 0.243
9000 0.244
9010 0.244
9020 0.246
9030 0.245
9040 0.246
9050 0.246
9060 0.248
9070 0.247
9080 0.25
9090 0.247
9100 0.249
9110 0.253
9120 0.253
9130 0.252
9140 0.252
9150 0.244
9160 0.253
9170 0.252
9180 0.25
9190 0.255
9200 0.266
9210 0.259
9220 0.255
9230 0.255
9240 0.256
9250 0.256
9260 0.252
9270 0.26
9280 0.26
9290 0.26
9300 0.256
9310 0.261
9320 0.261
9330 0.262
9340 0.263
9350 0.256
9360 0.26
9370 0.266
9380 0.266
9390 0.266
9400 0.267
9410 0.267
9420 0.266
9430 0.269
9440 0.272
9450 0.264
9460 0.271
9470 0.271
9480 0.272
9490 0.271
9500 0.273
9510 0.271
9520 0.273
9530 0.27
9540 0.275
9550 0.267
9560 0.269
9570 0.277
9580 0.271
9590 0.282
9600 0.277
9610 0.27
9620 0.277
9630 0.277
9640 0.274
9650 0.271
9660 0.274
9670 0.274
9680 0.279
9690 0.273
9700 0.276
9710 0.277
9720 0.283
9730 0.278
9740 0.285
9750 0.279
9760 0.278
9770 0.276
9780 0.282
9790 0.281
9800 0.289
9810 0.281
9820 0.284
9830 0.282
9840 0.282
9850 0.283
9860 0.285
9870 0.286
9880 0.287
9890 0.288
9900 0.287
9910 0.287
9920 0.288
9930 0.289
9940 0.288
9950 0.291
9960 0.293
9970 0.292
9980 0.297
9990 0.295
