10 0
20 0
30 0
40 0
50 0
60 0.001
70 0
80 0.001
90 0.001
100 0.001
110 0.002
120 0.002
130 0.003
140 0.004
150 0.004
160 0.005
170 0.006
180 0.007
190 0.009
200 0.01
210 0.012
220 0.013
230 0.025
240 0.026
250 0.022
260 0.023
270 0.024
280 0.032
290 0.051
300 0.039
310 0.038
320 0.04
330 0.044
340 0.048
350 0.053
360 0.057
370 0.061
380 0.068
390 0.072
400 0.078
410 0.085
420 0.09
430 0.1
440 0.105
450 0.112
460 0.12
470 0.127
480 0.138
490 0.143
500 0.153
510 0.164
520 0.173
530 0.181
540 0.192
550 0.204
560 0.215
570 0.229
580 0.241
590 0.252
600 0.266
610 0.278
620 0.292
630 0.307
640 0.32
650 0.335
660 0.352
670 0.367
680 0.385
690 0.402
700 0.419
710 0.438
720 0.457
730 0.476
740 0.496
750 0.517
760 0.536
770 0.56
780 0.58
790 0.604
800 0.627
810 0.651
820 0.675
830 0.699
840 0.725
850 0.752
860 0.778
870 0.806
880 0.834
890 0.863
900 0.892
910 0.923
920 0.955
930 0.985
940 1.02
950 1.052
960 1.086
970 1.12
980 1.157
990 1.189
1000 1.224
1010 1.261
1020 1.3
1030 1.345
1040 1.377
1050 1.422
1060 1.461
1070 1.504
1080 1.546
1090 1.59
1100 1.645
1110 1.677
1120 1.739
1130 1.775
1140 1.815
1150 1.871
1160 1.916
1170 1.965
1180 2.026
1190 2.066
1200 2.138
1210 2.173
1220 2.226
1230 2.287
1240 2.335
1250 2.399
1260 2.449
1270 2.511
1280 2.633
1290 2.644
1300 2.708
1310 2.761
1320 2.825
1330 2.887
1340 2.953
1350 3.018
1360 3.09
1370 3.156
1380 3.222
1390 3.299
1400 3.367
1410 3.437
1420 3.515
1430 3.589
1440 3.66
1450 3.738
1460 3.817
1470 3.927
1480 3.981
1490 4.059
1500 4.141
1510 4.228
1520 4.316
1530 4.395
1540 4.484
1550 4.596
1560 4.671
1570 4.761
1580 4.843
1590 4.938
1600 5.026
1610 5.129
1620 5.23
1630 5.333
1640 5.416
1650 5.523
1660 5.655
1670 5.976
1680 5.931
1690 5.935
1700 6.072
1710 6.173
1720 6.253
1730 6.382
1740 6.485
1750 6.59
1760 6.693
1770 6.836
1780 6.94
1790 7.062
1800 7.172
1810 7.299
1820 7.421
1830 7.53
1840 7.661
1850 7.797
1860 7.917
1870 8.039
1880 8.177
1890 8.321
1900 8.444
1910 8.56
1920 8.706
1930 8.858
1940 9.014
1950 9.133
1960 9.273
1970 9.437
1980 9.555
1990 9.719
2000 9.851
2010 10.019
2020 10.156
2030 10.297
2040 10.505
2050 10.748
2060 10.847
2070 10.935
2080 11.111
2090 11.264
2100 11.466
2110 11.618
2120 11.795
2130 11.937
2140 12.134
2150 12.297
2160 12.505
2170 12.644
2180 12.853
2190 13.028
2200 13.202
2210 13.377
2220 13.589
2230 13.767
2240 13.934
2250 14.166
2260 14.325
2270 14.526
2280 14.804
2290 14.983
2300 15.094
2310 15.488
2320 15.569
2330 15.764
2340 15.881
2350 16.147
2360 16.359
2370 16.584
2380 16.753
2390 17.079
2400 17.263
2410 17.525
2420 17.643
2430 17.935
2440 18.198
2450 18.401
2460 18.57
2470 18.885
2480 19.139
2490 19.401
2500 19.557
2510 19.845
2520 20.08
2530 20.343
2540 20.52
2550 20.984
2560 21.154
2570 21.335
2580 21.534
2590 21.818
2600 22.127
2610 22.377
2620 22.689
2630 22.935
2640 23.177
2650 23.52
2660 23.787
2670 24.022
2680 24.411
2690 24.596
2700 24.85
2710 25.243
2720 25.488
2730 25.754
2740 26.179
2750 26.398
2760 26.617
2770 27.061
2780 27.302
2790 27.586
2800 28.211
2810 28.262
2820 28.522
2830 28.901
2840 29.306
2850 29.496
2860 29.919
2870 30.242
2880 30.474
2890 30.842
2900 31.217
2910 31.47
2920 31.937
2930 32.252
2940 32.523
2950 33.034
2960 33.331
2970 33.571
2980 33.977
2990 34.381
3000 34.661
3010 35.179
3020 35.577
3030 36.214
3040 36.309
3050 37.017
3060 36.96
3070 37.423
3080 37.869
3090 38.088
3100 38.516
3110 39.036
3120 39.285
3130 39.834
3140 40.184
3150 40.477
3160 41.003
3170 41.388
3180 41.708
3190 42.193
3200 42.65
3210 42.996
3220 43.448
3230 43.922
3240 44.189
3250 44.833
3260 45.286
3270 45.516
3280 46.081
3290 46.588
3300 47.318
3310 47.442
3320 48.087
3330 48.598
3340 48.857
3350 49.319
3360 49.931
3370 50.307
3380 50.84
3390 51.446
3400 51.62
3410 52.213
3420 52.613
3430 53.281
3440 53.781
3450 54.275
3460 54.502
3470 55.099
3480 55.57
3490 56.128
3500 56.84
3510 57.323
3520 57.563
3530 58.165
3540 58.771
3550 59.23
3560 60.086
3570 60.465
3580 60.859
3590 61.487
3600 61.767
3610 62.376
3620 62.809
3630 63.474
3640 64.108
3650 64.465
3660 65.058
3670 65.861
3680 66.533
3690 67.078
3700 67.212
3710 68.221
3720 68.611
3730 70.134
3740 69.853
3750 70.705
3760 70.88
3770 71.437
3780 72.056
3790 72.819
3800 75.081
3810 76.75
3820 75.039
3830 75.482
3840 82.708
3850 82.335
3860 78.395
3870 77.764
3880 78.649
3890 79.251
3900 79.714
3910 80.622
3920 81.149
3930 81.632
3940 82.591
3950 83.096
3960 83.722
3970 84.263
3980 84.988
3990 85.532
4000 86.352
4010 86.978
4020 87.535
4030 88.492
4040 88.906
4050 89.984
4060 90.43
4070 91.344
4080 91.857
4090 92.564
4100 92.97
4110 93.612
4120 94.647
4130 95.104
4140 95.893
4150 97.283
4160 97.762
4170 97.974
4180 99.511
4190 99.328
4200 100.236
4210 101.537
4220 101.958
4230 102.548
4240 103.488
4250 103.946
