10 0
20 0
30 0
40 0
50 0
60 0
70 0
80 0
90 0
100 0
110 0
120 0
130 0
140 0
150 0
160 0
170 0
180 0
190 0
200 0
210 0
220 0
230 0
240 0
250 0
260 0
270 0
280 0
290 0
300 0.015625
310 0
320 0
330 0
340 0
350 0
360 0
370 0
380 0
390 0
400 0
410 0
420 0
430 0
440 0
450 0
460 0
470 0.015625
480 0
490 0
500 0
510 0
520 0
530 0
540 0
550 0
560 0.015625
570 0
580 0
590 0
600 0
610 0
620 0
630 0.015625
640 0
650 0
660 0
670 0
680 0
690 0.015625
700 0
710 0
720 0
730 0
740 0.015625
750 0
760 0
770 0
780 0.015625
790 0
800 0
810 0
820 0.015625
830 0
840 0
850 0
860 0
870 0
880 0
890 0.015625
900 0
910 0.015625
920 0
930 0
940 0.015625
950 0
960 0
970 0.015625
980 0
990 0
1000 0.015625
1010 0
1020 0
1030 0
1040 0.015625
1050 0
1060 0.015625
1070 0
1080 0
1090 0.015625
1100 0
1110 0.015625
1120 0
1130 0.015625
1140 0
1150 0.015625
1160 0
1170 0.015625
1180 0
1190 0.015625
1200 0.015625
1210 0
1220 0.015625
1230 0
1240 0.015625
1250 0
1260 0.015625
1270 0.015625
1280 0
1290 0.015625
1300 0.015625
1310 0
1320 0.015625
1330 0.015625
1340 0
1350 0.015625
1360 0.015625
1370 0
1380 0.015625
1390 0.015625
1400 0.015625
1410 0
1420 0.015625
1430 0.015625
1440 0.015625
1450 0.015625
1460 0
1470 0.015625
1480 0.015625
1490 0.015625
1500 0.015625
1510 0.015625
1520 0
1530 0.015625
1540 0.015625
1550 0.015625
1560 0.015625
1570 0.015625
1580 0.015625
1590 0.015625
1600 0.015625
1610 0.015625
1620 0.015625
1630 0.015625
1640 0.015625
1650 0.015625
1660 0.015625
1670 0.015625
1680 0.015625
1690 0.015625
1700 0.015625
1710 0.03125
1720 0.015625
1730 0.015625
1740 0.015625
1750 0.015625
1760 0.015625
1770 0.03125
1780 0.015625
1790 0.015625
1800 0.015625
1810 0.015625
1820 0.03125
1830 0.015625
1840 0.015625
1850 0.03125
1860 0.015625
1870 0.015625
1880 0.03125
1890 0.015625
1900 0.03125
1910 0.015625
1920 0.015625
1930 0.03125
1940 0.015625
1950 0.03125
1960 0.03125
1970 0.015625
1980 0.03125
1990 0.015625
2000 0.03125
2010 0.015625
2020 0.03125
2030 0.015625
2040 0.03125
2050 0.015625
2060 0.03125
2070 0.03125
2080 0.015625
2090 0.03125
2100 0.03125
2110 0.015625
2120 0.03125
2130 0.03125
2140 0.015625
2150 0.03125
2160 0.03125
2170 0.03125
2180 0.015625
2190 0.03125
2200 0.03125
2210 0.03125
2220 0.03125
2230 0.015625
2240 0.03125
2250 0.03125
2260 0.03125
2270 0.03125
2280 0.03125
2290 0.03125
2300 0.03125
2310 0.03125
2320 0.03125
2330 0.03125
2340 0.03125
2350 0.03125
2360 0.03125
2370 0.03125
2380 0.03125
2390 0.046875
2400 0.03125
2410 0.03125
2420 0.03125
2430 0.03125
2440 0.03125
2450 0.046875
2460 0.03125
2470 0.03125
2480 0.03125
2490 0.046875
2500 0.03125
2510 0.046875
2520 0.03125
2530 0.046875
2540 0.046875
2550 0.046875
2560 0.03125
2570 0.046875
2580 0.046875
2590 0.046875
2600 0.046875
2610 0.046875
2620 0.046875
2630 0.03125
2640 0.046875
2650 0.046875
2660 0.046875
2670 0.046875
2680 0.046875
2690 0.046875
2700 0.046875
2710 0.046875
2720 0.046875
2730 0.046875
2740 0.046875
2750 0.046875
2760 0.046875
2770 0.046875
2780 0.046875
2790 0.046875
2800 0.046875
2810 0.046875
2820 0.046875
2830 0.046875
2840 0.046875
2850 0.046875
2860 0.046875
2870 0.046875
2880 0.046875
2890 0.046875
2900 0.046875
2910 0.046875
2920 0.046875
2930 0.046875
2940 0.0625
2950 0.046875
2960 0.046875
2970 0.046875
2980 0.046875
2990 0.0625
3000 0.046875
3010 0.0625
3020 0.046875
3030 0.046875
3040 0.0625
3050 0.046875
3060 0.0625
3070 0.046875
3080 0.0625
3090 0.046875
3100 0.0625
3110 0.0625
3120 0.046875
3130 0.0625
3140 0.046875
3150 0.0625
3160 0.0625
3170 0.0625
3180 0.046875
3190 0.0625
3200 0.0625
3210 0.0625
3220 0.046875
3230 0.0625
3240 0.0625
3250 0.0625
3260 0.0625
3270 0.0625
3280 0.0625
3290 0.0625
3300 0.0625
3310 0.0625
3320 0.0625
3330 0.0625
3340 0.078125
3350 0.0625
3360 0.0625
3370 0.078125
3380 0.046875
3390 0.0625
3400 0.078125
3410 0.0625
3420 0.0625
3430 0.078125
3440 0.0625
3450 0.078125
3460 0.0625
3470 0.078125
3480 0.0625
3490 0.0625
3500 0.078125
3510 0.046875
3520 0.078125
3530 0.0625
3540 0.078125
3550 0.0625
3560 0.078125
3570 0.078125
3580 0.0625
3590 0.078125
3600 0.078125
3610 0.078125
3620 0.078125
3630 0.0625
3640 0.078125
3650 0.078125
3660 0.078125
3670 0.078125
3680 0.078125
3690 0.078125
3700 0.078125
3710 0.078125
3720 0.078125
3730 0.078125
3740 0.078125
3750 0.078125
3760 0.078125
3770 0.078125
3780 0.09375
3790 0.078125
3800 0.078125
3810 0.078125
3820 0.09375
3830 0.078125
3840 0.09375
3850 0.078125
3860 0.078125
3870 0.09375
3880 0.078125
3890 0.09375
3900 0.09375
3910 0.078125
3920 0.09375
3930 0.078125
3940 0.09375
3950 0.09375
3960 0.09375
3970 0.09375
3980 0.078125
3990 0.09375
4000 0.09375
4010 0.09375
4020 0.09375
4030 0.09375
4040 0.09375
4050 0.078125
4060 0.09375
4070 0.09375
4080 0.09375
4090 0.09375
4100 0.09375
4110 0.09375
4120 0.09375
4130 0.09375
4140 0.09375
4150 0.09375
4160 0.109375
4170 0.09375
4180 0.09375
4190 0.09375
4200 0.109375
4210 0.09375
4220 0.09375
4230 0.109375
4240 0.09375
4250 0.109375
4260 0.09375
4270 0.109375
4280 0.109375
4290 0.09375
4300 0.109375
4310 0.109375
4320 0.09375
4330 0.109375
4340 0.109375
4350 0.109375
4360 0.09375
4370 0.109375
4380 0.109375
4390 0.109375
4400 0.109375
4410 0.109375
4420 0.109375
4430 0.109375
4440 0.109375
4450 0.109375
4460 0.125
4470 0.109375
4480 0.109375
4490 0.109375
4500 0.109375
4510 0.125
4520 0.109375
4530 0.109375
4540 0.125
4550 0.109375
4560 0.125
4570 0.125
4580 0.109375
4590 0.125
4600 0.109375
4610 0.125
4620 0.125
4630 0.109375
4640 0.125
4650 0.125
4660 0.125
4670 0.125
4680 0.109375
4690 0.125
4700 0.125
4710 0.125
4720 0.125
4730 0.125
4740 0.125
4750 0.125
4760 0.140625
4770 0.125
4780 0.125
4790 0.125
4800 0.125
4810 0.140625
4820 0.125
4830 0.125
4840 0.140625
4850 0.125
4860 0.140625
4870 0.125
4880 0.140625
4890 0.140625
4900 0.125
4910 0.140625
4920 0.125
4930 0.140625
4940 0.140625
4950 0.140625
4960 0.125
4970 0.140625
4980 0.140625
4990 0.140625
5000 0.140625
5010 0.15625
5020 0.140625
5030 0.140625
5040 0.140625
5050 0.140625
5060 0.140625
5070 0.140625
5080 0.15625
5090 0.140625
5100 0.140625
5110 0.15625
5120 0.140625
5130 0.140625
5140 0.15625
5150 0.140625
5160 0.15625
5170 0.140625
5180 0.15625
5190 0.15625
5200 0.140625
5210 0.15625
5220 0.15625
5230 0.140625
5240 0.15625
5250 0.15625
5260 0.15625
5270 0.15625
5280 0.15625
5290 0.15625
5300 0.15625
5310 0.15625
5320 0.171875
5330 0.15625
5340 0.15625
5350 0.171875
5360 0.15625
5370 0.171875
5380 0.171875
5390 0.171875
5400 0.171875
5410 0.15625
5420 0.171875
5430 0.171875
5440 0.171875
5450 0.171875
5460 0.1875
5470 0.1875
5480 0.171875
5490 0.171875
5500 0.171875
5510 0.171875
5520 0.1875
5530 0.171875
5540 0.171875
5550 0.171875
5560 0.1875
5570 0.171875
5580 0.1875
5590 0.1875
5600 0.171875
5610 0.171875
5620 0.1875
5630 0.1875
5640 0.1875
5650 0.1875
5660 0.1875
5670 0.171875
5680 0.1875
5690 0.1875
5700 0.1875
5710 0.1875
5720 0.1875
5730 0.1875
5740 0.1875
5750 0.203125
5760 0.1875
5770 0.1875
5780 0.203125
5790 0.1875
5800 0.203125
5810 0.1875
5820 0.203125
5830 0.1875
5840 0.203125
5850 0.203125
5860 0.203125
5870 0.1875
5880 0.21875
5890 0.1875
5900 0.203125
5910 0.203125
5920 0.203125
5930 0.21875
5940 0.203125
5950 0.203125
5960 0.203125
5970 0.203125
5980 0.21875
5990 0.203125
6000 0.21875
6010 0.203125
6020 0.203125
6030 0.21875
6040 0.203125
6050 0.21875
6060 0.21875
6070 0.21875
6080 0.21875
6090 0.203125
6100 0.234375
6110 0.21875
6120 0.21875
6130 0.21875
6140 0.21875
6150 0.21875
6160 0.21875
6170 0.21875
6180 0.234375
6190 0.21875
6200 0.234375
6210 0.21875
6220 0.234375
6230 0.21875
6240 0.234375
6250 0.21875
6260 0.234375
6270 0.234375
6280 0.234375
6290 0.21875
6300 0.234375
6310 0.234375
6320 0.234375
6330 0.234375
6340 0.21875
6350 0.234375
6360 0.234375
6370 0.234375
6380 0.234375
6390 0.234375
6400 0.234375
6410 0.234375
6420 0.234375
6430 0.234375
6440 0.234375
6450 0.25
6460 0.234375
6470 0.25
6480 0.234375
6490 0.234375
6500 0.25
6510 0.234375
6520 0.25
6530 0.234375
6540 0.25
6550 0.234375
6560 0.234375
6570 0.25
6580 0.234375
6590 0.265625
6600 0.234375
6610 0.25
6620 0.28125
6630 0.28125
6640 0.296875
6650 0.265625
6660 0.25
6670 0.25
6680 0.265625
6690 0.265625
6700 0.25
6710 0.265625
6720 0.265625
6730 0.25
6740 0.25
6750 0.265625
6760 0.25
6770 0.25
6780 0.265625
6790 0.25
6800 0.265625
6810 0.265625
6820 0.25
6830 0.265625
6840 0.265625
6850 0.265625
6860 0.265625
6870 0.265625
6880 0.28125
6890 0.265625
6900 0.265625
6910 0.265625
6920 0.265625
6930 0.28125
6940 0.265625
6950 0.265625
6960 0.28125
6970 0.265625
6980 0.28125
6990 0.265625
7000 0.28125
7010 0.265625
7020 0.265625
7030 0.28125
7040 0.28125
7050 0.28125
7060 0.28125
7070 0.28125
7080 0.28125
7090 0.28125
7100 0.28125
7110 0.28125
7120 0.28125
7130 0.296875
7140 0.28125
7150 0.28125
7160 0.296875
7170 0.28125
7180 0.296875
7190 0.28125
7200 0.296875
7210 0.28125
7220 0.296875
7230 0.296875
7240 0.28125
7250 0.296875
7260 0.296875
7270 0.296875
7280 0.296875
7290 0.296875
7300 0.359375
7310 0.3125
7320 0.328125
7330 0.296875
7340 0.421875
7350 0.3125
7360 0.328125
7370 0.3125
7380 0.3125
7390 0.328125
7400 0.3125
7410 0.296875
7420 0.3125
7430 0.3125
7440 0.3125
7450 0.3125
7460 0.3125
7470 0.3125
7480 0.3125
7490 0.3125
7500 0.3125
7510 0.328125
7520 0.3125
7530 0.3125
7540 0.328125
7550 0.3125
7560 0.328125
7570 0.3125
7580 0.328125
7590 0.328125
7600 0.328125
7610 0.3125
7620 0.328125
7630 0.328125
7640 0.34375
7650 0.328125
7660 0.328125
7670 0.328125
7680 0.328125
7690 0.328125
7700 0.328125
7710 0.34375
7720 0.328125
7730 0.328125
7740 0.328125
7750 0.34375
7760 0.34375
7770 0.328125
7780 0.359375
7790 0.34375
7800 0.34375
7810 0.34375
7820 0.328125
7830 0.34375
7840 0.359375
7850 0.375
7860 0.34375
7870 0.359375
7880 0.359375
7890 0.375
7900 0.359375
7910 0.359375
7920 0.375
7930 0.359375
7940 0.390625
7950 0.359375
7960 0.375
7970 0.359375
7980 0.375
7990 0.375
8000 0.375
8010 0.390625
8020 0.375
8030 0.375
8040 0.390625
8050 0.375
8060 0.375
8070 0.390625
8080 0.390625
8090 0.375
8100 0.390625
8110 0.390625
8120 0.390625
8130 0.390625
8140 0.390625
8150 0.40625
8160 0.390625
8170 0.390625
8180 0.40625
8190 0.40625
8200 0.390625
8210 0.40625
8220 0.5625
8230 0.59375
8240 0.59375
8250 0.53125
8260 0.546875
8270 0.546875
8280 0.53125
8290 0.5
8300 0.484375
8310 0.453125
8320 0.46875
8330 0.53125
8340 0.5625
8350 0.5625
8360 0.515625
8370 0.515625
8380 0.53125
8390 0.515625
8400 0.53125
8410 0.515625
8420 0.5
8430 0.515625
8440 0.5
8450 0.453125
8460 0.453125
8470 0.484375
8480 0.46875
8490 0.46875
8500 0.46875
8510 0.484375
8520 0.453125
8530 0.46875
8540 0.46875
8550 0.484375
8560 0.484375
8570 0.484375
8580 0.5
8590 0.484375
8600 0.5
8610 0.484375
8620 0.484375
8630 0.5
8640 0.484375
8650 0.46875
8660 0.4375
8670 0.421875
8680 0.453125
8690 0.4375
8700 0.453125
8710 0.4375
8720 0.4375
8730 0.453125
8740 0.4375
8750 0.421875
8760 0.421875
8770 0.4375
8780 0.4375
8790 0.421875
8800 0.4375
8810 0.421875
8820 0.453125
8830 0.453125
8840 0.4375
8850 0.4375
8860 0.453125
8870 0.4375
8880 0.4375
8890 0.453125
8900 0.453125
8910 0.4375
8920 0.46875
8930 0.453125
8940 0.453125
8950 0.46875
8960 0.4375
8970 0.453125
8980 0.4375
8990 0.453125
9000 0.453125
9010 0.453125
9020 0.46875
9030 0.484375
9040 0.484375
9050 0.46875
9060 0.46875
9070 0.5
9080 0.46875
9090 0.484375
9100 0.484375
9110 0.46875
9120 0.5
9130 0.484375
9140 0.484375
9150 0.5
9160 0.484375
9170 0.5
9180 0.5
9190 0.5
9200 0.484375
9210 0.484375
9220 0.5
9230 0.5
9240 0.5
9250 0.515625
9260 0.5
9270 0.5
9280 0.515625
9290 0.5
9300 0.5
9310 0.5
9320 0.515625
9330 0.5
9340 0.5
9350 0.53125
9360 0.5
9370 0.5625
9380 0.5625
9390 0.515625
9400 0.515625
9410 0.5
9420 0.515625
9430 0.515625
9440 0.515625
9450 0.515625
9460 0.515625
9470 0.5
9480 0.515625
9490 0.5
9500 0.515625
9510 0.515625
9520 0.515625
9530 0.5
9540 0.515625
9550 0.515625
9560 0.5625
9570 0.65625
9580 0.625
9590 0.578125
9600 0.53125
9610 0.515625
9620 0.53125
9630 0.53125
9640 0.515625
9650 0.53125
9660 0.53125
9670 0.53125
9680 0.578125
9690 0.53125
9700 0.546875
9710 0.53125
9720 0.53125
9730 0.546875
9740 0.53125
9750 0.546875
9760 0.53125
9770 0.578125
9780 0.546875
9790 0.546875
9800 0.5625
9810 0.75
9820 0.625
9830 0.578125
9840 0.578125
9850 0.5625
9860 0.578125
9870 0.578125
9880 0.59375
9890 0.578125
9900 0.578125
9910 0.59375
9920 0.59375
9930 0.578125
9940 0.59375
9950 0.578125
9960 0.578125
9970 0.609375
9980 0.578125
9990 0.609375
