10 0
20 0
30 0
40 0
50 0
60 0
70 0.001
80 0
90 0.001
100 0.001
110 0.001
120 0.001
130 0.003
140 0.002
150 0.003
160 0.004
170 0.004
180 0.005
190 0.006
200 0.007
210 0.007
220 0.01
230 0.01
240 0.013
250 0.013
260 0.014
270 0.017
280 0.019
290 0.02
300 0.021
310 0.024
320 0.027
330 0.03
340 0.031
350 0.036
360 0.04
370 0.042
380 0.043
390 0.05
400 0.051
410 0.056
420 0.064
430 0.064
440 0.072
450 0.074
460 0.082
470 0.082
480 0.095
490 0.094
500 0.102
510 0.106
520 0.117
530 0.121
540 0.132
550 0.138
560 0.144
570 0.153
580 0.159
590 0.167
600 0.176
610 0.182
620 0.201
630 0.217
640 0.217
650 0.238
660 0.237
670 0.256
680 0.254
690 0.269
700 0.29
710 0.304
720 0.304
730 0.322
740 0.39
750 0.356
760 0.407
770 0.369
780 0.406
790 0.41
800 0.465
810 0.469
820 0.457
830 0.509
840 0.496
850 0.59
860 0.533
870 0.557
880 0.555
890 0.621
900 0.651
910 0.671
920 0.663
930 0.69
940 0.72
950 0.762
960 0.782
970 0.855
980 0.878
990 0.824
1000 0.883
1010 0.871
1020 0.94
1030 0.905
1040 0.957
1050 0.994
1060 1.013
1070 1.064
1080 1.132
1090 1.098
1100 1.124
1110 1.132
1120 1.23
1130 1.342
1140 1.369
1150 1.426
1160 1.414
1170 1.463
1180 1.477
1190 1.55
1200 1.616
1210 1.643
1220 1.742
1230 1.765
1240 1.779
1250 1.787
1260 1.948
1270 2.01
1280 1.99
1290 2.067
1300 2.082
1310 2.147
1320 2.329
1330 2.458
1340 2.231
1350 2.39
1360 2.73
1370 2.865
1380 2.946
1390 2.826
1400 2.617
1410 2.803
1420 2.662
1430 2.705
1440 2.748
1450 2.783
1460 2.792
1470 2.697
1480 2.882
1490 3.075
1500 3.122
1510 3.218
1520 3.253
1530 3.343
1540 3.511
1550 3.483
1560 3.669
1570 3.723
1580 3.891
1590 4.066
1600 4.016
1610 4.065
1620 4.036
1630 4.154
1640 4.238
1650 4.065
1660 4.178
1670 4.265
1680 4.434
1690 4.648
1700 4.667
1710 4.779
1720 4.999
1730 5.062
1740 4.985
1750 5.016
1760 5.005
1770 5.151
1780 5.268
1790 5.39
1800 5.647
1810 5.478
1820 5.806
1830 5.932
1840 6.191
1850 6.366
1860 6.251
1870 6.02
1880 5.625
1890 5.561
1900 5.739
1910 5.873
1920 6.16
1930 6.195
1940 6.072
1950 6.281
1960 6.3
1970 6.361
1980 6.369
1990 6.529
2000 6.48
2010 6.885
2020 6.773
2030 7.16
2040 7.336
2050 7.124
2060 7.268
2070 7.045
2080 7.485
2090 7.477
2100 7.738
2110 7.961
2120 7.818
2130 8.074
2140 8.108
2150 8.173
2160 8.375
2170 8.737
2180 8.69
2190 8.731
2200 8.821
2210 8.98
2220 9.218
2230 9.131
2240 9.394
2250 9.867
2260 9.924
2270 9.733
2280 9.95
2290 10.204
2300 10.056
2310 9.998
2320 10.548
2330 10.403
2340 10.527
2350 10.846
2360 11.037
2370 11.916
2380 11.53
2390 11.398
2400 11.455
2410 11.636
2420 11.94
2430 12.13
2440 12.315
2450 12.585
2460 12.463
2470 12.518
2480 12.693
2490 13.88
2500 13.279
2510 13.283
2520 13.499
2530 13.783
2540 13.927
2550 14.062
2560 14.183
2570 14.127
2580 14.801
2590 14.945
2600 15.05
2610 15.288
2620 15.625
2630 15.724
2640 15.696
2650 15.838
2660 15.824
2670 16.124
2680 16.429
2690 16.859
2700 16.898
2710 17.17
2720 17.104
2730 17.684
2740 17.559
2750 17.528
2760 18.349
2770 18.307
2780 18.412
2790 18.786
2800 18.601
2810 18.932
2820 19.116
2830 19.607
2840 19.81
2850 19.668
2860 20.177
2870 20.76
2880 20.54
2890 21.164
2900 21.014
2910 21.333
2920 21.619
2930 21.158
2940 21.876
2950 22.208
2960 22.225
2970 22.389
2980 22.958
2990 22.933
3000 23.546
3010 23.254
3020 23.655
3030 24.173
3040 24.418
3050 24.627
3060 24.871
3070 25.457
3080 25.616
3090 25.428
3100 26.057
3110 26.78
3120 26.623
3130 27.14
3140 27.126
3150 27.196
3160 27.551
3170 28.358
3180 28.185
3190 28.009
3200 28.903
3210 28.744
3220 28.919
3230 29.425
3240 30.054
3250 30.588
3260 30.735
3270 30.931
3280 30.992
3290 31.799
3300 31.927
3310 32.422
3320 32.531
3330 33.24
3340 33.321
3350 33.138
3360 34.561
3370 34.172
3380 34.311
3390 35.009
3400 35.919
3410 35.355
3420 35.678
3430 35.671
3440 36.641
3450 37.448
3460 37.051
3470 37.347
3480 38.604
3490 37.223
3500 37.559
3510 39.159
3520 39.007
3530 39.047
3540 39.831
3550 40.248
3560 40.809
3570 41.557
3580 41.215
3590 41.184
3600 43.088
3610 41.401
3620 42.49
3630 42.816
3640 44.056
3650 43.694
3660 44.345
3670 45.279
3680 45.675
3690 45.14
3700 47.311
3710 46.535
3720 46.689
3730 46.851
3740 47.775
3750 47.253
3760 48.232
3770 48.539
3780 49.041
3790 49.891
3800 50.173
3810 50.616
3820 51.5
3830 51.71
3840 51.704
3850 56.608
3860 59.544
3870 57.6
3880 55.103
3890 54.994
3900 57.453
3910 57.346
3920 57.845
3930 56.999
3940 57.756
3950 59.755
3960 59.293
3970 59.008
3980 60.874
3990 60.756
4000 61.036
4010 62.634
4020 65.906
4030 65.007
4040 64.483
4050 64.204
4060 64.652
4070 65.253
4080 67.142
4090 67.478
4100 67.674
4110 68.149
4120 68.299
4130 69.479
4140 68.999
4150 69.489
4160 69.841
4170 69.095
4180 70.66
4190 70.863
4200 72.48
4210 72.01
4220 73.256
4230 73.994
4240 72.756
4250 72.399
4260 73.259
4270 75.066
4280 74.824
4290 74.122
4300 75.468
4310 75.448
4320 76.306
4330 76.648
4340 75.884
4350 77.932
4360 79.076
4370 78.893
4380 80
4390 80.215
4400 80.806
4410 80.654
4420 80.877
4430 81.396
4440 82.91
4450 84.068
4460 83.069
4470 84.752
4480 85.145
4490 84.573
4500 87.588
4510 89.133
4520 97.781
4530 90.978
4540 95.547
4550 97.822
4560 99.5
4570 99.963
4580 100.622
4590 94.429
4600 95.477
4610 98.753
4620 101.248
4630 103.895
4640 100.208
4650 103.912
4660 107.29
4670 108.71
4680 98.984
4690 105.409
4700 102.339
4710 104.624
4720 106.295
4730 104.324
4740 121.78
4750 104.11
4760 104.883
4770 114.845
4780 106.49
4790 105.265
4800 105.183
4810 104.537
4820 109.728
4830 108.693
4840 107.949
4850 112.764
4860 110.495
4870 111.891
4880 111.176
4890 110.87
4900 111.012
4910 118.583
4920 113.931
4930 114.124
4940 113.727
4950 113.706
4960 114.625
4970 115.832
4980 117.113
4990 118.103
5000 117.617
5010 118.256
5020 120.342
5030 120.467
5040 121.134
5050 121.416
5060 120.997
5070 122.212
5080 124.589
5090 123.892
5100 124.983
5110 126.969
5120 127.102
5130 128.039
5140 127.623
5150 128.011
5160 129.982
5170 132.887
5180 128.804
5190 131.716
5200 132.391
5210 131.506
5220 131.487
5230 135.013
5240 136.144
5250 138.813
5260 137.493
5270 138.413
5280 138.103
5290 140.655
5300 141.697
5310 141.274
5320 144.299
5330 143.795
5340 144.831
5350 146.722
5360 145.723
5370 146.608
5380 149.085
5390 148.546
5400 148.601
5410 150.558
5420 151.204
5430 152.045
5440 153.431
5450 153.929
5460 153.717
5470 153.369
5480 155.894
5490 157.884
5500 158.465
5510 157.425
5520 158.192
5530 161.873
5540 162.398
5550 163.717
5560 161.237
5570 161.742
5580 165.218
5590 165.475
5600 165.432
5610 169.093
5620 168.037
5630 170.169
5640 171.141
5650 172.67
5660 171.096
5670 174.113
5680 173.685
5690 176.575
5700 174.449
5710 175.212
5720 178.322
5730 179.216
5740 177.604
5750 182.567
5760 183.553
5770 183.332
5780 182.406
5790 183.991
5800 184.569
5810 189.891
5820 187.13
5830 190.6
5840 190.035
5850 191.788
5860 190.192
5870 192.812
5880 192.289
5890 196.788
5900 196.517
