100 0
110 0
120 0
130 0
140 0
150 0
160 0
170 0
180 0
190 0
200 0
210 0
220 0
230 0
240 0
250 0
260 0
270 0
280 0
290 0
300 0
310 0
320 0
330 0
340 0
350 0
360 0
370 0
380 0
390 0
400 0
410 0
420 0
430 0.015625
440 0
450 0
460 0
470 0
480 0
490 0
500 0
510 0
520 0
530 0
540 0
550 0
560 0
570 0
580 0
590 0
600 0
610 0
620 0
630 0
640 0
650 0
660 0
670 0
680 0
690 0
700 0
710 0
720 0
730 0
740 0
750 0
760 0
770 0
780 0
790 0
800 0
810 0
820 0
830 0
840 0
850 0
860 0
870 0
880 0
890 0
900 0.015625
910 0
920 0
930 0
940 0
950 0
960 0
970 0
980 0
990 0
1000 0
1010 0
1020 0
1030 0
1040 0
1050 0
1060 0
1070 0
1080 0
1090 0
1100 0
1110 0
1120 0
1130 0
1140 0
1150 0
1160 0
1170 0
1180 0
1190 0
1200 0.015625
1210 0
1220 0
1230 0
1240 0
1250 0
1260 0
1270 0
1280 0
1290 0
1300 0
1310 0
1320 0
1330 0
1340 0
1350 0
1360 0
1370 0
1380 0
1390 0
1400 0
1410 0
1420 0
1430 0
1440 0.015625
1450 0
1460 0
1470 0
1480 0
1490 0
1500 0
1510 0
1520 0
1530 0
1540 0
1550 0
1560 0
1570 0
1580 0
1590 0
1600 0
1610 0
1620 0
1630 0
1640 0
1650 0
1660 0.015625
1670 0
1680 0
1690 0
1700 0
1710 0
1720 0
1730 0
1740 0
1750 0
1760 0
1770 0
1780 0
1790 0
1800 0
1810 0
1820 0
1830 0
1840 0.015625
1850 0
1860 0
1870 0
1880 0
1890 0
1900 0
1910 0
1920 0
1930 0
1940 0
1950 0
1960 0
1970 0
1980 0
1990 0
2000 0.015625
2010 0
2020 0
2030 0
2040 0
2050 0
2060 0
2070 0
2080 0
2090 0
2100 0
2110 0
2120 0
2130 0
2140 0
2150 0
2160 0.015625
2170 0
2180 0
2190 0
2200 0
2210 0
2220 0
2230 0
2240 0
2250 0
2260 0
2270 0
2280 0
2290 0
2300 0.015625
2310 0
2320 0
2330 0
2340 0
2350 0
2360 0
2370 0
2380 0
2390 0
2400 0
2410 0
2420 0
2430 0.015625
2440 0
2450 0
2460 0
2470 0
2480 0
2490 0
2500 0
2510 0
2520 0
2530 0
2540 0
2550 0
2560 0.015625
2570 0
2580 0
2590 0
2600 0
2610 0
2620 0
2630 0
2640 0
2650 0
2660 0
2670 0
2680 0.015625
2690 0
2700 0
2710 0
2720 0
2730 0
2740 0
2750 0
2760 0
2770 0
2780 0.015625
2790 0
2800 0
2810 0
2820 0
2830 0
2840 0
2850 0
2860 0
2870 0
2880 0
2890 0.015625
2900 0
2910 0
2920 0
2930 0
2940 0
2950 0
2960 0
2970 0
2980 0
2990 0
3000 0.015625
3010 0
3020 0
3030 0
3040 0
3050 0
3060 0
3070 0
3080 0
3090 0.015625
3100 0
3110 0
3120 0
3130 0
3140 0
3150 0
3160 0
3170 0
3180 0
3190 0.015625
3200 0
3210 0
3220 0
3230 0
3240 0
3250 0
3260 0
3270 0
3280 0.015625
3290 0
3300 0
3310 0
3320 0
3330 0
3340 0
3350 0
3360 0
3370 0.015625
3380 0
3390 0
3400 0
3410 0
3420 0
3430 0
3440 0
3450 0
3460 0.015625
3470 0
3480 0
3490 0
3500 0
3510 0
3520 0
3530 0
3540 0.015625
3550 0
3560 0
3570 0
3580 0
3590 0
3600 0
3610 0
3620 0.015625
3630 0
3640 0
3650 0
3660 0
3670 0
3680 0
3690 0
3700 0
3710 0.015625
3720 0
3730 0
3740 0
3750 0
3760 0
3770 0
3780 0
3790 0.015625
3800 0
3810 0
3820 0
3830 0
3840 0
3850 0
3860 0.015625
3870 0
3880 0
3890 0
3900 0
3910 0
3920 0
3930 0
3940 0.015625
3950 0
3960 0
3970 0
3980 0
3990 0
4000 0
4010 0.015625
4020 0
4030 0
4040 0
4050 0
4060 0
4070 0
4080 0.015625
4090 0
4100 0
4110 0
4120 0
4130 0
4140 0
4150 0.015625
4160 0
4170 0
4180 0
4190 0
4200 0
4210 0
4220 0
4230 0.015625
4240 0
4250 0
4260 0
4270 0
4280 0
4290 0.015625
4300 0
4310 0
4320 0
4330 0
4340 0
4350 0
4360 0.015625
4370 0
4380 0
4390 0
4400 0
4410 0
4420 0
4430 0.015625
4440 0
4450 0
4460 0
4470 0
4480 0
4490 0.015625
4500 0
4510 0
4520 0
4530 0
4540 0
4550 0.015625
4560 0
4570 0
4580 0
4590 0
4600 0
4610 0
4620 0.015625
4630 0
4640 0
4650 0
4660 0
4670 0
4680 0.015625
4690 0
4700 0
4710 0
4720 0
4730 0
4740 0.015625
4750 0
4760 0
4770 0
4780 0
4790 0
4800 0.015625
4810 0
4820 0
4830 0
4840 0
4850 0
4860 0.015625
4870 0
4880 0
4890 0
4900 0
4910 0
4920 0.015625
4930 0
4940 0
4950 0
4960 0
4970 0
4980 0.015625
4990 0
5000 0
5010 0
5020 0
5030 0.015625
5040 0
5050 0
5060 0
5070 0
5080 0
5090 0.015625
5100 0
5110 0
5120 0
5130 0
5140 0.015625
5150 0
5160 0
5170 0
5180 0
5190 0
5200 0.015625
5210 0
5220 0
5230 0
5240 0
5250 0.015625
5260 0
5270 0
5280 0
5290 0
5300 0
5310 0.015625
5320 0
5330 0
5340 0
5350 0
5360 0.015625
5370 0
5380 0
5390 0
5400 0
5410 0.015625
5420 0
5430 0
5440 0
5450 0
5460 0.015625
5470 0
5480 0
5490 0
5500 0
5510 0.015625
5520 0
5530 0
5540 0
5550 0
5560 0.015625
5570 0
5580 0
5590 0
5600 0
5610 0
5620 0.015625
5630 0
5640 0
5650 0
5660 0.015625
5670 0
5680 0
5690 0
5700 0
5710 0.015625
5720 0
5730 0
5740 0
5750 0
5760 0.015625
5770 0
5780 0
5790 0
5800 0
5810 0.015625
5820 0
5830 0
5840 0
5850 0
5860 0.015625
5870 0
5880 0
5890 0
5900 0.015625
5910 0
5920 0
5930 0
5940 0
5950 0.015625
5960 0
5970 0
5980 0
5990 0
6000 0.015625
6010 0
6020 0
6030 0
6040 0.015625
6050 0
6060 0
6070 0
6080 0
6090 0.015625
6100 0
6110 0
6120 0
6130 0
6140 0.015625
6150 0
6160 0
6170 0
6180 0
6190 0
6200 0
6210 0.015625
6220 0
6230 0
6240 0
6250 0
6260 0.015625
6270 0
6280 0
6290 0
6300 0.015625
6310 0
6320 0
6330 0
6340 0.015625
6350 0
6360 0
6370 0
6380 0
6390 0.015625
6400 0
6410 0
6420 0
6430 0.015625
6440 0
6450 0
6460 0
6470 0.015625
6480 0
6490 0
6500 0
6510 0
6520 0.015625
6530 0
6540 0
6550 0
6560 0.015625
6570 0
6580 0
6590 0
6600 0.015625
6610 0
6620 0
6630 0
6640 0.015625
6650 0
6660 0
6670 0
6680 0.015625
6690 0
6700 0
6710 0
6720 0.015625
6730 0
6740 0
6750 0
6760 0
6770 0.015625
6780 0
6790 0
6800 0.015625
6810 0
6820 0
6830 0
6840 0
6850 0.015625
6860 0
6870 0
6880 0.015625
6890 0
6900 0
6910 0.015625
6920 0
6930 0
6940 0
6950 0.015625
6960 0
6970 0
6980 0
6990 0.015625
7000 0
7010 0
7020 0
7030 0.015625
7040 0
7050 0
7060 0
7070 0.015625
7080 0
7090 0
7100 0
7110 0.015625
7120 0
7130 0
7140 0
7150 0.015625
7160 0
7170 0
7180 0
7190 0
7200 0
7210 0
7220 0.015625
7230 0
7240 0
7250 0
7260 0.015625
7270 0
7280 0
7290 0
7300 0.015625
7310 0
7320 0
7330 0
7340 0.015625
7350 0
7360 0
7370 0.015625
7380 0
7390 0
7400 0
7410 0.015625
7420 0
7430 0
7440 0
7450 0.015625
7460 0
7470 0
7480 0.015625
7490 0
7500 0
7510 0
7520 0.015625
7530 0
7540 0
7550 0
7560 0.015625
7570 0
7580 0
7590 0.015625
7600 0
7610 0
7620 0
7630 0.015625
7640 0
7650 0
7660 0.015625
7670 0
7680 0
7690 0
7700 0.015625
7710 0
7720 0
7730 0.015625
7740 0
7750 0
7760 0
7770 0.015625
7780 0
7790 0
7800 0.015625
7810 0
7820 0
7830 0
7840 0.015625
7850 0
7860 0
7870 0.015625
7880 0
7890 0
7900 0
7910 0.015625
7920 0
7930 0
7940 0.015625
7950 0
7960 0
7970 0
7980 0.015625
7990 0
8000 0
8010 0.015625
8020 0
8030 0
8040 0.015625
8050 0
8060 0
8070 0
8080 0.015625
8090 0
8100 0
8110 0.015625
8120 0
8130 0
8140 0.015625
8150 0
8160 0
8170 0
8180 0.015625
8190 0
8200 0
8210 0.015625
8220 0
8230 0
8240 0.015625
8250 0
8260 0
8270 0
8280 0.015625
8290 0
8300 0
8310 0.015625
8320 0
8330 0
8340 0.015625
8350 0
8360 0
8370 0
8380 0.015625
8390 0
8400 0
8410 0.015625
8420 0
8430 0
8440 0.015625
8450 0
8460 0
8470 0.015625
8480 0
8490 0
8500 0.015625
8510 0
8520 0
8530 0
8540 0.015625
8550 0
8560 0
8570 0.015625
8580 0
8590 0
8600 0.015625
8610 0
8620 0
8630 0.015625
8640 0
8650 0
8660 0.015625
8670 0
8680 0
8690 0.015625
8700 0
8710 0
8720 0.015625
8730 0
8740 0
8750 0
8760 0.015625
8770 0
8780 0.015625
8790 0
8800 0
8810 0
8820 0.015625
8830 0
8840 0
8850 0.015625
8860 0
8870 0
8880 0.015625
8890 0
8900 0
8910 0.015625
8920 0
8930 0
8940 0.015625
8950 0
8960 0
8970 0.015625
8980 0
8990 0
9000 0.015625
9010 0
9020 0
9030 0.015625
9040 0
9050 0
9060 0.015625
9070 0
9080 0
9090 0.015625
9100 0
9110 0
9120 0.015625
9130 0
9140 0.015625
9150 0
9160 0
9170 0.015625
9180 0
9190 0
9200 0.015625
9210 0
9220 0
9230 0.015625
9240 0
9250 0
9260 0.015625
9270 0
9280 0
9290 0.015625
9300 0
9310 0
9320 0.015625
9330 0
9340 0
9350 0.015625
9360 0
9370 0
9380 0.015625
9390 0
9400 0.015625
9410 0
9420 0
9430 0.015625
9440 0
9450 0
9460 0.015625
9470 0
9480 0
9490 0.015625
9500 0
9510 0
9520 0.015625
9530 0
9540 0
9550 0
9560 0
9570 0.015625
9580 0
9590 0
9600 0.015625
9610 0
9620 0
9630 0.015625
9640 0
9650 0
9660 0.015625
9670 0
9680 0.015625
9690 0
9700 0
9710 0.015625
9720 0
9730 0
9740 0.015625
9750 0
9760 0
9770 0.015625
9780 0
9790 0.015625
9800 0
9810 0
9820 0.015625
9830 0
9840 0
9850 0.015625
9860 0
9870 0.015625
9880 0
9890 0
9900 0.015625
9910 0
9920 0
9930 0.015625
9940 0
9950 0.015625
9960 0
9970 0
9980 0.015625
9990 0
10000 0
10010 0.015625
10020 0
10030 0.015625
10040 0
10050 0
10060 0.015625
10070 0
10080 0
10090 0.015625
10100 0
10110 0.015625
10120 0
10130 0
10140 0.015625
10150 0
10160 0.015625
10170 0
10180 0
10190 0.015625
10200 0
10210 0
10220 0.015625
10230 0
10240 0.015625
10250 0
10260 0
10270 0.015625
10280 0
10290 0.015625
10300 0
10310 0
10320 0.015625
10330 0
10340 0.015625
10350 0
10360 0
10370 0.015625
10380 0
10390 0.015625
10400 0
10410 0
10420 0.015625
10430 0
10440 0.015625
10450 0
10460 0
10470 0.015625
10480 0
10490 0
10500 0.015625
10510 0
10520 0.015625
10530 0
10540 0
10550 0.015625
10560 0
10570 0.015625
10580 0
10590 0.015625
10600 0
10610 0
10620 0.015625
10630 0
10640 0.015625
10650 0
10660 0
10670 0.015625
10680 0
10690 0.015625
10700 0
10710 0
10720 0.015625
10730 0
10740 0.015625
10750 0
10760 0
10770 0.015625
10780 0
10790 0.015625
10800 0
10810 0.015625
10820 0
10830 0
10840 0.015625
10850 0
10860 0.015625
10870 0
10880 0
10890 0.015625
10900 0
10910 0.015625
10920 0
10930 0
10940 0.015625
10950 0
10960 0.015625
10970 0
10980 0.015625
10990 0
11000 0
11010 0.015625
11020 0
11030 0.015625
11040 0
11050 0.015625
11060 0
11070 0
11080 0.015625
11090 0
11100 0.015625
11110 0
11120 0.015625
11130 0
11140 0
11150 0.015625
11160 0
11170 0.015625
11180 0
11190 0.015625
11200 0
11210 0
11220 0.015625
11230 0
11240 0.015625
11250 0
11260 0.015625
11270 0
11280 0
11290 0.015625
11300 0
11310 0.015625
11320 0
11330 0.015625
11340 0
11350 0
11360 0.015625
11370 0
11380 0.015625
11390 0
11400 0.015625
11410 0
11420 0.015625
11430 0
11440 0
11450 0.015625
11460 0
11470 0.015625
11480 0
11490 0.015625
11500 0
11510 0.015625
11520 0
11530 0
11540 0.015625
11550 0
11560 0.015625
11570 0
11580 0.015625
11590 0
11600 0.015625
11610 0
11620 0
11630 0.015625
11640 0
11650 0.015625
11660 0
11670 0.015625
11680 0
11690 0.015625
11700 0
11710 0
11720 0
11730 0
11740 0.015625
11750 0
11760 0.015625
11770 0
11780 0.015625
11790 0
11800 0.015625
11810 0
11820 0
11830 0.015625
11840 0
11850 0.015625
11860 0
11870 0.015625
11880 0
11890 0.015625
11900 0
11910 0.015625
11920 0
11930 0.015625
11940 0
11950 0
11960 0.015625
11970 0
11980 0.015625
11990 0
12000 0.015625
12010 0
12020 0.015625
12030 0
12040 0.015625
12050 0
12060 0.015625
12070 0
12080 0
12090 0.015625
12100 0
12110 0.015625
12120 0
12130 0.015625
12140 0
12150 0.015625
12160 0
12170 0.015625
12180 0
12190 0.015625
12200 0
12210 0.015625
12220 0
12230 0.015625
12240 0
12250 0
12260 0.015625
12270 0
12280 0.015625
12290 0
12300 0.015625
12310 0
12320 0.015625
12330 0
12340 0.015625
12350 0
12360 0.015625
12370 0
12380 0.015625
12390 0
12400 0.015625
12410 0
12420 0.015625
12430 0
12440 0.015625
12450 0
12460 0
12470 0.015625
12480 0
12490 0.015625
12500 0
12510 0.015625
12520 0
12530 0.015625
12540 0
12550 0.015625
12560 0
12570 0.015625
12580 0
12590 0.015625
12600 0
12610 0.015625
12620 0
12630 0.015625
12640 0
12650 0.015625
12660 0
12670 0.015625
12680 0
12690 0.015625
12700 0
12710 0.015625
12720 0
12730 0.015625
12740 0
12750 0.015625
12760 0
12770 0.015625
12780 0
12790 0.015625
12800 0
12810 0.015625
12820 0
12830 0.015625
12840 0
12850 0.015625
12860 0
12870 0.015625
12880 0
12890 0.015625
12900 0
12910 0.015625
12920 0
12930 0.015625
12940 0
12950 0.015625
12960 0
12970 0.015625
12980 0
12990 0.015625
13000 0
13010 0.015625
13020 0
13030 0.015625
13040 0
13050 0.015625
13060 0
13070 0.015625
13080 0
13090 0.015625
13100 0
13110 0.015625
13120 0
13130 0.015625
13140 0
13150 0.015625
13160 0
13170 0.015625
13180 0
13190 0.015625
13200 0
13210 0.015625
13220 0
13230 0.015625
13240 0
13250 0.015625
13260 0.015625
13270 0
13280 0.015625
13290 0
13300 0.015625
13310 0
13320 0.015625
13330 0
13340 0.015625
13350 0
13360 0.015625
13370 0
13380 0.015625
13390 0
13400 0.015625
13410 0
13420 0.015625
13430 0
13440 0.015625
13450 0
13460 0.015625
13470 0
13480 0.015625
13490 0
13500 0.015625
13510 0.015625
13520 0
13530 0.015625
13540 0
13550 0.015625
13560 0
13570 0.015625
13580 0
13590 0.015625
13600 0
13610 0.015625
13620 0
13630 0.015625
13640 0
13650 0.015625
13660 0.015625
13670 0
13680 0.015625
13690 0
13700 0.015625
13710 0
13720 0.015625
13730 0
13740 0.015625
13750 0
13760 0.015625
13770 0
13780 0.015625
13790 0.015625
13800 0
13810 0.015625
13820 0
13830 0.015625
13840 0
13850 0.015625
13860 0
13870 0.015625
13880 0
13890 0.015625
13900 0.015625
13910 0
13920 0.015625
13930 0
13940 0.015625
13950 0
13960 0.015625
13970 0
13980 0.015625
13990 0
14000 0.015625
14010 0.015625
14020 0
14030 0.015625
14040 0
14050 0.015625
14060 0
14070 0.015625
14080 0
14090 0.015625
14100 0
14110 0.015625
14120 0.015625
14130 0
14140 0.015625
14150 0
14160 0.015625
14170 0
14180 0.015625
14190 0
14200 0.015625
14210 0.015625
14220 0
14230 0.015625
14240 0
14250 0.015625
14260 0
14270 0.015625
14280 0.015625
14290 0
14300 0.015625
14310 0
14320 0.015625
14330 0
14340 0.015625
14350 0
14360 0.015625
14370 0.015625
14380 0
14390 0.015625
14400 0
14410 0.015625
14420 0
14430 0.015625
14440 0.015625
14450 0
14460 0.015625
14470 0
14480 0.015625
14490 0
14500 0.015625
14510 0.015625
14520 0
14530 0.015625
14540 0
14550 0.015625
14560 0
14570 0.015625
14580 0.015625
14590 0
14600 0.015625
14610 0
14620 0.015625
14630 0
14640 0.015625
14650 0.015625
14660 0
14670 0.015625
14680 0
14690 0.015625
14700 0
14710 0.015625
14720 0.015625
14730 0
14740 0.015625
14750 0
14760 0.015625
14770 0.015625
14780 0
14790 0.015625
14800 0
14810 0.015625
14820 0
14830 0.015625
14840 0.015625
14850 0
14860 0.015625
14870 0
14880 0.015625
14890 0.015625
14900 0
14910 0.015625
14920 0
14930 0.015625
14940 0
14950 0.015625
14960 0.015625
14970 0
14980 0.015625
14990 0
15000 0.015625
15010 0.015625
15020 0
15030 0.015625
15040 0
15050 0.015625
15060 0.015625
15070 0
15080 0.015625
15090 0
15100 0.015625
15110 0.015625
15120 0
15130 0.015625
15140 0
15150 0.015625
15160 0.015625
15170 0
15180 0.015625
15190 0
15200 0.015625
15210 0.015625
15220 0
15230 0.015625
15240 0
15250 0.015625
15260 0.015625
15270 0
15280 0.015625
15290 0
15300 0.015625
15310 0.015625
15320 0
15330 0.015625
15340 0
15350 0.015625
15360 0.015625
15370 0
15380 0.015625
15390 0
15400 0
15410 0.015625
15420 0
15430 0.015625
15440 0.015625
15450 0
15460 0.015625
15470 0
15480 0.015625
15490 0.015625
15500 0
15510 0.015625
15520 0
15530 0.015625
15540 0.015625
15550 0
15560 0.015625
15570 0.015625
15580 0
15590 0.015625
15600 0
15610 0.015625
15620 0.015625
15630 0
15640 0.015625
15650 0.015625
15660 0
15670 0.015625
15680 0
15690 0.015625
15700 0.015625
15710 0
15720 0.015625
15730 0
15740 0.015625
15750 0.015625
15760 0
15770 0.015625
15780 0.015625
15790 0
15800 0.015625
15810 0
15820 0
15830 0.015625
15840 0
15850 0.015625
15860 0.015625
15870 0
15880 0.015625
15890 0.015625
15900 0
15910 0.015625
15920 0
15930 0.015625
15940 0.015625
15950 0
15960 0.015625
15970 0.015625
15980 0
15990 0.015625
16000 0
16010 0
16020 0.015625
16030 0
16040 0.015625
16050 0.015625
16060 0
16070 0.015625
16080 0.015625
16090 0
16100 0.015625
16110 0
16120 0.015625
16130 0.015625
16140 0
16150 0.015625
16160 0.015625
16170 0.015625
16180 0
16190 0.015625
16200 0
16210 0.015625
16220 0.015625
16230 0
16240 0.015625
16250 0.015625
16260 0
16270 0.015625
16280 0.015625
16290 0
16300 0.015625
16310 0.015625
16320 0
16330 0.015625
16340 0
16350 0.015625
16360 0.015625
16370 0
16380 0.015625
16390 0.015625
16400 0
16410 0.015625
16420 0.015625
16430 0
16440 0.015625
16450 0.015625
16460 0
16470 0.015625
16480 0.015625
16490 0
16500 0.015625
16510 0.015625
16520 0
16530 0.015625
16540 0.015625
16550 0
16560 0.015625
16570 0
16580 0.015625
16590 0.015625
16600 0
16610 0.015625
16620 0.015625
16630 0
16640 0.015625
16650 0.015625
16660 0
16670 0.015625
16680 0.015625
16690 0
16700 0.015625
16710 0.015625
16720 0
16730 0.015625
16740 0.015625
16750 0
16760 0.015625
16770 0.015625
16780 0
16790 0.015625
16800 0.015625
16810 0
16820 0.015625
16830 0.015625
16840 0
16850 0.015625
16860 0.015625
16870 0
16880 0.015625
16890 0.015625
16900 0
16910 0.015625
16920 0.015625
16930 0
16940 0.015625
16950 0.015625
16960 0
16970 0.015625
16980 0.015625
16990 0
17000 0.015625
17010 0.015625
17020 0
17030 0.015625
17040 0.015625
17050 0
17060 0.015625
17070 0.015625
17080 0.015625
17090 0
17100 0.015625
17110 0.015625
17120 0
17130 0.015625
17140 0.015625
17150 0
17160 0.015625
17170 0.015625
17180 0
17190 0.015625
17200 0.015625
17210 0
17220 0.015625
17230 0.015625
17240 0
17250 0.015625
17260 0.015625
17270 0.015625
17280 0
17290 0.015625
17300 0.015625
17310 0
17320 0.015625
17330 0.015625
17340 0
17350 0.015625
17360 0.015625
17370 0
17380 0.015625
17390 0.015625
17400 0.015625
17410 0
17420 0.015625
17430 0.015625
17440 0
17450 0.015625
17460 0.015625
17470 0
17480 0.015625
17490 0.015625
17500 0
17510 0.015625
17520 0.015625
17530 0.015625
17540 0
17550 0.015625
17560 0.015625
17570 0
17580 0.015625
17590 0.015625
17600 0.015625
17610 0
17620 0.015625
17630 0.015625
17640 0
17650 0.015625
17660 0.015625
17670 0
17680 0.015625
17690 0.015625
17700 0.015625
17710 0
17720 0.015625
17730 0.015625
17740 0
17750 0.015625
17760 0.015625
17770 0.015625
17780 0
17790 0.015625
17800 0.015625
17810 0
17820 0.015625
17830 0.015625
17840 0.015625
17850 0
17860 0.015625
17870 0.015625
17880 0
17890 0.015625
17900 0.015625
17910 0.015625
17920 0
17930 0.015625
17940 0.015625
17950 0.015625
17960 0
17970 0.015625
17980 0.015625
17990 0
18000 0.015625
18010 0.015625
18020 0.015625
18030 0
18040 0.015625
18050 0.015625
18060 0.015625
18070 0
18080 0.015625
18090 0.015625
18100 0
18110 0.015625
18120 0.015625
18130 0.015625
18140 0
18150 0.015625
18160 0.015625
18170 0.015625
18180 0.015625
18190 0
18200 0.015625
18210 0.015625
18220 0.015625
18230 0
18240 0.015625
18250 0.015625
18260 0.015625
18270 0
18280 0.015625
18290 0.015625
18300 0.015625
18310 0
18320 0.015625
18330 0.015625
18340 0.015625
18350 0
18360 0.015625
18370 0.015625
18380 0.015625
18390 0
18400 0.015625
18410 0.015625
18420 0.015625
18430 0
18440 0.015625
18450 0.015625
18460 0.015625
18470 0
18480 0
18490 0.015625
18500 0.015625
18510 0.015625
18520 0
18530 0.015625
18540 0.015625
18550 0.015625
18560 0
18570 0.015625
18580 0.015625
18590 0.015625
18600 0
18610 0.015625
18620 0.015625
18630 0.015625
18640 0
18650 0.015625
18660 0.015625
18670 0.015625
18680 0
18690 0.015625
18700 0.015625
18710 0.015625
18720 0
18730 0
18740 0.015625
18750 0.015625
18760 0.015625
18770 0
18780 0.015625
18790 0.015625
18800 0.015625
18810 0
18820 0.015625
18830 0.015625
18840 0.015625
18850 0
18860 0.015625
18870 0.015625
18880 0.015625
18890 0
18900 0.015625
18910 0.015625
18920 0.015625
18930 0.015625
18940 0
18950 0.015625
18960 0.015625
18970 0.015625
18980 0
18990 0.015625
19000 0.015625
19010 0.015625
19020 0
19030 0.015625
19040 0.015625
19050 0.015625
19060 0.015625
19070 0
19080 0.015625
19090 0.015625
19100 0.015625
19110 0
19120 0.015625
19130 0.015625
19140 0.015625
19150 0
19160 0.015625
19170 0.015625
19180 0.015625
19190 0.015625
19200 0
19210 0.015625
19220 0.015625
19230 0.015625
19240 0.015625
19250 0
19260 0.015625
19270 0.015625
19280 0.015625
19290 0
19300 0.015625
19310 0.015625
19320 0.015625
19330 0.015625
19340 0
19350 0.015625
19360 0.015625
19370 0.015625
19380 0.015625
19390 0
19400 0.015625
19410 0.015625
19420 0.015625
19430 0
19440 0.015625
19450 0.015625
19460 0.015625
19470 0.015625
19480 0
19490 0.015625
19500 0.015625
19510 0.015625
19520 0.015625
19530 0
19540 0.015625
19550 0.015625
19560 0.015625
19570 0
19580 0.015625
19590 0.015625
19600 0.015625
19610 0.015625
19620 0
19630 0.015625
19640 0.015625
19650 0.015625
19660 0.015625
19670 0
19680 0.015625
19690 0.015625
19700 0.015625
19710 0.015625
19720 0
19730 0.015625
19740 0.015625
19750 0.015625
19760 0.015625
19770 0
19780 0.015625
19790 0.015625
19800 0.015625
19810 0.015625
19820 0
19830 0.015625
19840 0.015625
19850 0.015625
19860 0.015625
19870 0
19880 0.015625
19890 0.015625
19900 0.015625
19910 0.015625
19920 0.015625
19930 0
19940 0.015625
19950 0.015625
19960 0.015625
19970 0.015625
19980 0
19990 0.015625
20000 0.015625
20010 0.015625
20020 0.015625
20030 0.015625
20040 0
20050 0.015625
20060 0.015625
20070 0.015625
20080 0.015625
20090 0
20100 0.015625
20110 0.015625
20120 0.015625
20130 0.015625
20140 0.015625
20150 0
20160 0.015625
20170 0.015625
20180 0.015625
20190 0.015625
20200 0.015625
20210 0.015625
20220 0
20230 0.015625
20240 0.015625
20250 0.015625
20260 0.015625
20270 0.015625
20280 0
20290 0.015625
20300 0.015625
20310 0.015625
20320 0.015625
20330 0.015625
20340 0
20350 0.015625
20360 0.015625
20370 0.015625
20380 0.015625
20390 0.015625
20400 0
20410 0
20420 0.015625
20430 0.015625
20440 0.015625
20450 0.015625
20460 0.015625
20470 0
20480 0.015625
20490 0.015625
20500 0.015625
20510 0.015625
20520 0.015625
20530 0
20540 0.015625
20550 0.015625
20560 0.015625
20570 0.015625
20580 0.015625
20590 0
20600 0.015625
20610 0.015625
20620 0.015625
20630 0.015625
20640 0.015625
20650 0.015625
20660 0
20670 0.015625
20680 0.015625
20690 0.015625
20700 0.015625
20710 0.015625
20720 0.015625
20730 0
20740 0.015625
20750 0.015625
20760 0.015625
20770 0.015625
20780 0.015625
20790 0.015625
20800 0
20810 0.015625
20820 0.015625
20830 0.015625
20840 0.015625
20850 0.015625
20860 0.015625
20870 0
20880 0.015625
20890 0.015625
20900 0.015625
20910 0.015625
20920 0.015625
20930 0.015625
20940 0
20950 0.015625
20960 0.015625
20970 0.015625
20980 0.015625
20990 0.015625
21000 0.015625
21010 0
21020 0.015625
21030 0.015625
21040 0.015625
21050 0.015625
21060 0.015625
21070 0.015625
21080 0
21090 0
21100 0.015625
21110 0.015625
21120 0.015625
21130 0.015625
21140 0.015625
21150 0.015625
21160 0.015625
21170 0
21180 0.015625
21190 0.015625
21200 0.015625
21210 0.015625
21220 0.015625
21230 0.015625
21240 0
21250 0.015625
21260 0.015625
21270 0.015625
21280 0.015625
21290 0.015625
21300 0.015625
21310 0.015625
21320 0.015625
21330 0.015625
21340 0
21350 0.015625
21360 0.015625
21370 0.015625
21380 0.015625
21390 0.015625
21400 0.015625
21410 0.015625
21420 0
21430 0.015625
21440 0.015625
21450 0.015625
21460 0.015625
21470 0.015625
21480 0.015625
21490 0.015625
21500 0.015625
21510 0
21520 0.015625
21530 0.015625
21540 0.015625
21550 0.015625
21560 0.015625
21570 0.015625
21580 0.015625
21590 0.015625
21600 0.015625
21610 0
21620 0.015625
21630 0.015625
21640 0.015625
21650 0.015625
21660 0.015625
21670 0.015625
21680 0.015625
21690 0.015625
21700 0
21710 0.015625
21720 0.015625
21730 0.015625
21740 0.015625
21750 0.015625
21760 0.015625
21770 0.015625
21780 0.015625
21790 0
21800 0
21810 0.015625
21820 0.015625
21830 0.015625
21840 0.015625
21850 0.015625
21860 0.015625
21870 0.015625
21880 0.015625
21890 0.015625
21900 0
21910 0.015625
21920 0.015625
21930 0.015625
21940 0.015625
21950 0.015625
21960 0.015625
21970 0.015625
21980 0.015625
21990 0.015625
22000 0.015625
22010 0
22020 0.015625
22030 0.015625
22040 0.015625
22050 0.015625
22060 0.015625
22070 0.015625
22080 0.015625
22090 0.015625
22100 0.015625
22110 0.015625
22120 0.015625
22130 0
22140 0.015625
22150 0.015625
22160 0.015625
22170 0.015625
22180 0.015625
22190 0.015625
22200 0.015625
22210 0.015625
22220 0.015625
22230 0.015625
22240 0.015625
22250 0
22260 0.015625
22270 0.015625
22280 0.015625
22290 0.015625
22300 0.015625
22310 0.015625
22320 0.015625
22330 0.015625
22340 0.015625
22350 0.015625
22360 0.015625
22370 0.015625
22380 0
22390 0
22400 0.015625
22410 0.015625
22420 0.015625
22430 0.015625
22440 0.015625
22450 0.015625
22460 0.015625
22470 0.015625
22480 0.015625
22490 0.015625
22500 0.015625
22510 0.015625
22520 0.015625
22530 0.015625
22540 0
22550 0.015625
22560 0.015625
22570 0.015625
22580 0.015625
22590 0.015625
22600 0.015625
22610 0.015625
22620 0.015625
22630 0.015625
22640 0.015625
22650 0.015625
22660 0.015625
22670 0.015625
22680 0.015625
22690 0.015625
22700 0
22710 0.015625
22720 0.015625
22730 0.015625
22740 0.015625
22750 0.015625
22760 0.015625
22770 0.015625
22780 0.015625
22790 0.015625
22800 0.015625
22810 0.015625
22820 0.015625
22830 0.015625
22840 0.015625
22850 0.015625
22860 0.015625
22870 0.015625
22880 0.015625
22890 0
22900 0.015625
22910 0.015625
22920 0.015625
22930 0.015625
22940 0.015625
22950 0.015625
22960 0.015625
22970 0.015625
22980 0.015625
22990 0.015625
23000 0.015625
23010 0.015625
23020 0.015625
23030 0.015625
23040 0.015625
23050 0.015625
23060 0.015625
23070 0.015625
23080 0.015625
23090 0.015625
23100 0.015625
23110 0.015625
23120 0.015625
23130 0
23140 0.015625
23150 0.015625
23160 0.015625
23170 0.015625
23180 0.015625
23190 0.015625
23200 0.015625
23210 0.015625
23220 0.015625
23230 0.015625
23240 0.015625
23250 0.015625
23260 0.015625
23270 0.015625
23280 0.015625
23290 0.015625
23300 0.015625
23310 0.015625
23320 0.015625
23330 0.015625
23340 0.015625
23350 0.015625
23360 0.015625
23370 0.015625
23380 0.015625
23390 0.015625
23400 0.015625
23410 0.015625
23420 0.015625
23430 0.015625
23440 0.015625
23450 0.015625
23460 0.015625
23470 0.015625
23480 0.015625
23490 0.015625
23500 0.015625
23510 0.015625
23520 0.015625
23530 0.015625
23540 0
23550 0.015625
23560 0
23570 0.015625
23580 0.015625
23590 0.015625
23600 0.015625
23610 0.015625
23620 0.015625
23630 0.015625
23640 0.015625
23650 0.015625
23660 0.015625
23670 0.015625
23680 0.015625
23690 0.015625
23700 0.015625
23710 0.015625
23720 0.015625
23730 0.015625
23740 0.015625
23750 0.015625
23760 0.015625
23770 0.015625
23780 0.015625
23790 0.015625
23800 0.015625
23810 0.015625
23820 0.015625
23830 0.015625
23840 0.015625
23850 0.015625
23860 0.015625
23870 0.015625
23880 0.015625
23890 0.015625
23900 0.015625
23910 0.015625
23920 0.015625
23930 0.015625
23940 0.015625
23950 0.015625
23960 0.015625
23970 0.015625
23980 0.015625
23990 0.015625
24000 0.015625
24010 0.015625
24020 0.015625
24030 0.015625
24040 0.015625
24050 0.015625
24060 0.015625
24070 0.015625
24080 0.015625
24090 0.015625
24100 0.015625
24110 0.015625
24120 0.015625
24130 0.015625
24140 0.015625
24150 0.015625
24160 0.015625
24170 0.015625
24180 0.015625
24190 0.015625
24200 0.015625
24210 0.015625
24220 0.015625
24230 0.015625
24240 0.015625
24250 0.015625
24260 0.015625
24270 0.015625
24280 0.015625
24290 0.015625
24300 0.015625
24310 0.015625
24320 0.015625
24330 0.015625
24340 0.015625
24350 0.015625
24360 0.015625
24370 0.015625
24380 0.015625
24390 0.03125
24400 0
24410 0
24420 0.015625
24430 0.015625
24440 0.015625
24450 0.015625
24460 0.015625
24470 0.015625
24480 0.015625
24490 0.015625
24500 0.015625
24510 0.015625
24520 0.015625
24530 0.015625
24540 0.015625
24550 0.015625
24560 0.015625
24570 0.015625
24580 0.015625
24590 0.015625
24600 0.015625
24610 0.015625
24620 0.015625
24630 0.015625
24640 0.015625
24650 0.015625
24660 0.015625
24670 0.015625
24680 0.015625
24690 0.015625
24700 0.015625
24710 0.015625
24720 0.015625
24730 0.015625
24740 0.015625
24750 0.015625
24760 0.015625
24770 0.03125
24780 0.015625
24790 0.015625
24800 0.015625
24810 0.015625
24820 0.015625
24830 0.015625
24840 0.015625
24850 0.015625
24860 0.015625
24870 0.015625
24880 0.015625
24890 0.015625
24900 0.015625
24910 0.015625
24920 0.015625
24930 0.015625
24940 0.015625
24950 0.015625
24960 0.015625
24970 0.015625
24980 0.015625
24990 0.015625
25000 0.015625
25010 0.03125
25020 0.015625
25030 0.015625
25040 0.015625
25050 0.015625
25060 0.015625
25070 0.015625
25080 0.015625
25090 0.015625
25100 0.015625
25110 0.015625
25120 0.015625
25130 0.015625
25140 0.015625
25150 0.015625
25160 0.015625
25170 0.015625
25180 0.015625
25190 0.015625
25200 0.03125
25210 0.015625
25220 0.015625
25230 0.015625
25240 0.015625
25250 0.015625
25260 0.015625
25270 0.015625
25280 0.015625
25290 0.015625
25300 0.015625
25310 0.015625
25320 0.015625
25330 0.015625
25340 0.03125
25350 0.015625
25360 0.015625
25370 0.015625
25380 0.015625
25390 0.015625
25400 0.015625
25410 0.015625
25420 0.015625
25430 0.015625
25440 0.015625
25450 0.015625
25460 0.015625
25470 0.015625
25480 0.015625
25490 0.015625
25500 0.015625
25510 0.015625
25520 0.015625
25530 0.015625
25540 0.015625
25550 0.015625
25560 0.015625
25570 0.015625
25580 0.015625
25590 0.015625
25600 0.015625
25610 0.015625
25620 0.015625
25630 0.03125
25640 0.015625
25650 0.015625
25660 0.015625
25670 0.015625
25680 0.015625
25690 0.015625
25700 0.015625
25710 0.015625
25720 0.015625
25730 0.015625
25740 0.015625
25750 0.015625
25760 0.03125
25770 0.015625
25780 0.015625
25790 0.015625
25800 0.015625
25810 0.015625
25820 0.015625
25830 0.015625
25840 0.015625
25850 0.015625
25860 0.015625
25870 0.03125
25880 0.015625
25890 0.015625
25900 0.015625
25910 0.015625
25920 0.015625
25930 0.015625
25940 0.015625
25950 0.015625
25960 0.015625
25970 0.015625
25980 0.03125
25990 0.015625
26000 0.015625
26010 0.015625
26020 0.015625
26030 0.015625
26040 0.015625
26050 0.015625
26060 0.015625
26070 0.015625
26080 0.015625
26090 0.03125
26100 0.015625
26110 0.015625
26120 0.015625
26130 0.015625
26140 0.015625
26150 0.015625
26160 0.015625
26170 0.015625
26180 0.015625
26190 0.015625
26200 0.015625
26210 0.015625
26220 0.015625
26230 0.015625
26240 0.015625
26250 0.015625
26260 0.015625
26270 0.015625
26280 0.03125
26290 0.015625
26300 0.015625
26310 0.015625
26320 0.015625
26330 0.015625
26340 0.015625
26350 0.015625
26360 0.015625
26370 0.03125
26380 0.015625
26390 0.015625
26400 0.015625
26410 0.015625
26420 0.015625
26430 0.015625
26440 0.015625
26450 0.015625
26460 0.03125
26470 0.015625
26480 0.015625
26490 0.015625
26500 0.015625
26510 0.015625
26520 0.015625
26530 0.015625
26540 0.015625
26550 0.03125
26560 0.015625
26570 0.015625
26580 0.015625
26590 0.015625
26600 0.015625
26610 0.015625
26620 0.015625
26630 0.03125
26640 0.015625
26650 0.015625
26660 0.015625
26670 0.015625
26680 0.015625
26690 0.015625
26700 0.015625
26710 0.03125
26720 0.015625
26730 0.015625
26740 0.015625
26750 0.015625
26760 0.015625
26770 0.015625
26780 0.015625
26790 0.03125
26800 0.015625
26810 0.015625
26820 0.015625
26830 0.015625
26840 0.015625
26850 0.015625
26860 0.015625
26870 0.015625
26880 0.015625
26890 0.015625
26900 0.015625
26910 0.015625
26920 0.015625
26930 0.015625
26940 0.03125
26950 0.015625
26960 0.015625
26970 0.015625
26980 0.015625
26990 0.015625
27000 0.015625
27010 0.03125
27020 0.015625
27030 0.015625
27040 0.015625
27050 0.015625
27060 0.015625
27070 0.015625
27080 0.03125
27090 0.015625
27100 0.015625
27110 0.015625
27120 0.015625
27130 0.015625
27140 0.015625
27150 0.03125
27160 0.015625
27170 0.015625
27180 0.015625
27190 0.015625
27200 0.015625
27210 0.015625
27220 0.03125
27230 0.015625
27240 0.015625
27250 0.015625
27260 0.015625
27270 0.015625
27280 0.015625
27290 0.015625
27300 0.015625
27310 0.015625
27320 0.015625
27330 0.015625
27340 0.015625
27350 0.03125
27360 0.015625
27370 0.015625
27380 0.015625
27390 0.015625
27400 0.015625
27410 0.03125
27420 0.015625
27430 0.015625
27440 0.015625
27450 0.015625
27460 0.015625
27470 0.03125
27480 0.015625
27490 0.015625
27500 0.015625
27510 0.015625
27520 0.015625
27530 0.015625
27540 0.015625
27550 0.015625
27560 0.015625
27570 0.015625
27580 0.015625
27590 0.015625
27600 0.03125
27610 0.015625
27620 0.015625
27630 0.015625
27640 0.015625
27650 0.03125
27660 0.015625
27670 0.015625
27680 0.015625
27690 0.015625
27700 0.015625
27710 0.03125
27720 0.015625
27730 0.015625
27740 0.015625
27750 0.015625
27760 0.015625
27770 0.03125
27780 0.015625
27790 0.015625
27800 0.015625
27810 0.015625
27820 0.015625
27830 0.03125
27840 0.015625
27850 0.015625
27860 0.015625
27870 0.015625
27880 0.03125
27890 0.015625
27900 0.015625
27910 0.015625
27920 0.015625
27930 0.015625
27940 0.03125
27950 0.015625
27960 0.015625
27970 0.015625
27980 0.015625
27990 0.03125
28000 0.015625
28010 0.015625
28020 0.015625
28030 0.015625
28040 0.015625
28050 0.03125
28060 0.015625
28070 0.015625
28080 0.015625
28090 0.015625
28100 0.03125
28110 0.015625
28120 0.015625
28130 0.015625
28140 0.015625
28150 0.03125
28160 0.015625
28170 0.015625
28180 0.015625
28190 0.015625
28200 0.03125
28210 0.015625
28220 0.015625
28230 0.015625
28240 0.015625
28250 0.03125
28260 0.015625
28270 0.015625
28280 0.015625
28290 0.015625
28300 0.015625
28310 0.015625
28320 0.015625
28330 0.015625
28340 0.015625
28350 0.015625
28360 0.015625
28370 0.015625
28380 0.015625
28390 0.015625
28400 0.03125
28410 0.015625
28420 0.015625
28430 0.015625
28440 0.015625
28450 0.03125
28460 0.015625
28470 0.015625
28480 0.015625
28490 0.015625
28500 0.03125
28510 0.015625
28520 0.015625
28530 0.015625
28540 0.015625
28550 0.03125
28560 0.015625
28570 0.015625
28580 0.015625
28590 0.015625
28600 0.015625
28610 0.015625
28620 0.015625
28630 0.015625
28640 0.03125
28650 0.015625
28660 0.015625
28670 0.015625
28680 0.015625
28690 0.03125
28700 0.015625
28710 0.015625
28720 0.015625
28730 0.03125
28740 0.015625
28750 0.015625
28760 0.015625
28770 0.015625
28780 0.03125
28790 0.015625
28800 0.015625
28810 0.015625
28820 0.015625
28830 0.015625
28840 0.015625
28850 0.015625
28860 0.015625
28870 0.03125
28880 0.015625
28890 0.015625
28900 0.015625
28910 0.03125
28920 0.015625
28930 0.015625
28940 0.015625
28950 0.015625
28960 0.03125
28970 0.015625
28980 0.015625
28990 0.015625
29000 0.03125
29010 0.015625
29020 0.015625
29030 0.015625
29040 0.015625
29050 0.015625
29060 0.015625
29070 0.015625
29080 0.015625
29090 0.03125
29100 0.015625
29110 0.015625
29120 0.015625
29130 0.03125
29140 0.015625
29150 0.015625
29160 0.015625
29170 0.03125
29180 0.015625
29190 0.015625
29200 0.015625
29210 0.03125
29220 0.015625
29230 0.015625
29240 0.015625
29250 0.03125
29260 0.015625
29270 0.015625
29280 0.015625
29290 0.03125
29300 0.015625
29310 0.015625
29320 0.015625
29330 0.015625
29340 0.03125
29350 0.015625
29360 0.015625
29370 0.015625
29380 0.03125
29390 0.015625
29400 0.015625
29410 0.03125
29420 0.015625
29430 0.015625
29440 0.015625
29450 0.015625
29460 0.03125
29470 0.015625
29480 0.015625
29490 0.015625
29500 0.015625
29510 0.015625
29520 0.015625
29530 0.03125
29540 0.015625
29550 0.015625
29560 0.015625
29570 0.03125
29580 0.015625
29590 0.015625
29600 0.015625
29610 0.03125
29620 0.015625
29630 0.015625
29640 0.015625
29650 0.03125
29660 0.015625
29670 0.015625
29680 0.015625
29690 0.03125
29700 0.015625
29710 0.015625
29720 0.015625
29730 0.015625
29740 0.015625
29750 0.015625
29760 0.03125
29770 0.015625
29780 0.015625
29790 0.015625
29800 0.03125
29810 0.015625
29820 0.015625
29830 0.015625
29840 0.03125
29850 0.015625
29860 0.015625
29870 0.015625
29880 0.015625
29890 0.015625
29900 0.015625
29910 0.03125
29920 0.015625
29930 0.015625
29940 0.015625
29950 0.03125
29960 0.015625
29970 0.015625
29980 0.03125
29990 0.015625
30000 0.015625
30010 0.015625
30020 0.03125
30030 0.015625
30040 0.015625
30050 0.015625
30060 0.015625
30070 0.015625
30080 0.015625
30090 0.03125
30100 0.015625
30110 0.015625
30120 0.015625
30130 0.015625
30140 0.015625
30150 0.015625
30160 0.03125
30170 0.015625
30180 0.015625
30190 0.015625
30200 0.015625
30210 0.015625
30220 0.015625
30230 0.03125
30240 0.015625
30250 0.015625
30260 0.03125
30270 0.015625
30280 0.015625
30290 0.015625
30300 0.03125
30310 0.015625
30320 0.015625
30330 0.03125
30340 0.015625
30350 0.015625
30360 0.015625
30370 0.03125
30380 0.015625
30390 0.015625
30400 0.03125
30410 0.015625
30420 0.015625
30430 0.015625
30440 0.015625
30450 0.015625
30460 0.015625
30470 0.03125
30480 0.015625
30490 0.015625
30500 0.03125
30510 0.015625
30520 0.015625
30530 0.015625
30540 0.03125
30550 0.015625
30560 0.015625
30570 0.03125
30580 0.015625
30590 0.015625
30600 0.03125
30610 0.015625
30620 0.015625
30630 0.03125
30640 0.015625
30650 0.015625
30660 0.015625
30670 0.03125
30680 0.015625
30690 0.015625
30700 0.03125
30710 0.015625
30720 0.015625
30730 0.03125
30740 0.015625
30750 0.015625
30760 0.03125
30770 0.015625
30780 0.015625
30790 0.03125
30800 0.015625
30810 0.015625
30820 0.015625
30830 0.015625
30840 0.015625
30850 0.015625
30860 0.03125
30870 0.015625
30880 0.015625
30890 0.03125
30900 0.015625
30910 0.015625
30920 0.03125
30930 0.015625
30940 0.015625
30950 0.03125
30960 0.015625
30970 0.015625
30980 0.03125
30990 0.015625
31000 0.015625
31010 0.03125
31020 0.015625
31030 0.015625
31040 0.03125
31050 0.015625
31060 0.015625
31070 0.03125
31080 0.015625
31090 0.015625
31100 0.015625
31110 0.015625
31120 0.015625
31130 0.03125
31140 0.015625
31150 0.015625
31160 0.015625
31170 0.015625
31180 0.015625
31190 0.015625
31200 0.03125
31210 0.015625
31220 0.03125
31230 0.015625
31240 0.015625
31250 0.03125
31260 0.015625
31270 0.015625
31280 0.03125
31290 0.015625
31300 0.015625
31310 0.03125
31320 0.015625
31330 0.015625
31340 0.03125
31350 0.015625
31360 0.015625
31370 0.03125
31380 0.015625
31390 0.015625
31400 0.03125
31410 0.015625
31420 0.015625
31430 0.03125
31440 0.015625
31450 0.015625
31460 0.03125
31470 0.015625
31480 0.015625
31490 0.03125
31500 0.015625
31510 0.015625
31520 0.03125
31530 0.015625
31540 0.015625
31550 0.03125
31560 0.015625
31570 0.015625
31580 0.015625
31590 0.015625
31600 0.03125
31610 0.015625
31620 0.015625
31630 0.03125
31640 0.015625
31650 0.015625
31660 0.03125
31670 0.015625
31680 0.015625
31690 0.03125
31700 0.015625
31710 0.015625
31720 0.015625
31730 0.015625
31740 0.03125
31750 0.015625
31760 0.015625
31770 0.03125
31780 0.015625
31790 0.015625
31800 0.03125
31810 0.015625
31820 0.015625
31830 0.03125
31840 0.015625
31850 0.015625
31860 0.015625
31870 0.015625
31880 0.03125
31890 0.015625
31900 0.015625
31910 0.03125
31920 0.015625
31930 0.015625
31940 0.03125
31950 0.015625
31960 0.03125
31970 0.015625
31980 0.015625
31990 0.03125
32000 0.015625
32010 0.015625
32020 0.03125
32030 0.015625
32040 0.015625
32050 0.015625
32060 0.015625
32070 0.03125
32080 0.015625
32090 0.015625
32100 0.03125
32110 0.015625
32120 0.015625
32130 0.03125
32140 0.015625
32150 0.03125
32160 0.015625
32170 0.015625
32180 0.03125
32190 0.015625
32200 0.015625
32210 0.03125
32220 0.015625
32230 0.03125
32240 0.015625
32250 0.015625
32260 0.03125
32270 0.015625
32280 0.03125
32290 0.015625
32300 0.015625
32310 0.03125
32320 0.015625
32330 0.015625
32340 0.03125
32350 0.015625
32360 0.03125
32370 0.015625
32380 0.015625
32390 0.03125
32400 0.015625
32410 0.03125
32420 0.015625
32430 0.015625
32440 0.03125
32450 0.015625
32460 0.015625
32470 0.03125
32480 0.015625
32490 0.03125
32500 0.015625
32510 0.015625
32520 0.03125
32530 0.015625
32540 0.03125
32550 0.015625
32560 0.015625
32570 0.03125
32580 0.015625
32590 0.03125
32600 0.015625
32610 0.015625
32620 0.03125
32630 0.015625
32640 0.015625
32650 0.015625
32660 0.015625
32670 0.03125
32680 0.015625
32690 0.03125
32700 0.015625
32710 0.015625
32720 0.03125
32730 0.015625
32740 0.03125
32750 0.015625
32760 0.015625
32770 0.03125
32780 0.015625
32790 0.015625
32800 0.015625
32810 0.015625
32820 0.03125
32830 0.015625
32840 0.03125
32850 0.015625
32860 0.015625
32870 0.03125
32880 0.015625
32890 0.03125
32900 0.015625
32910 0.015625
32920 0.03125
32930 0.015625
32940 0.03125
32950 0.015625
32960 0.03125
32970 0.015625
32980 0.015625
32990 0.03125
33000 0.015625
33010 0.03125
33020 0.015625
33030 0.015625
33040 0.03125
33050 0.015625
33060 0.03125
33070 0.015625
33080 0.03125
33090 0.015625
33100 0.015625
33110 0.03125
33120 0.015625
33130 0.03125
33140 0.015625
33150 0.015625
33160 0.03125
33170 0.015625
33180 0.03125
33190 0.015625
33200 0.03125
33210 0.015625
33220 0.03125
33230 0.015625
33240 0.015625
33250 0.03125
33260 0.015625
33270 0.03125
33280 0.015625
33290 0.015625
33300 0.03125
33310 0.015625
33320 0.03125
33330 0.015625
33340 0.015625
33350 0.03125
33360 0.015625
33370 0.03125
33380 0.015625
33390 0.015625
33400 0.03125
33410 0.015625
33420 0.03125
33430 0.015625
33440 0.03125
33450 0.015625
33460 0.015625
33470 0.03125
33480 0.015625
33490 0.03125
33500 0.015625
33510 0.03125
33520 0.015625
33530 0.015625
33540 0.03125
33550 0.015625
33560 0.03125
33570 0.015625
33580 0.03125
33590 0.015625
33600 0.015625
33610 0.03125
33620 0.015625
33630 0.03125
33640 0.015625
33650 0.03125
33660 0.015625
33670 0.03125
33680 0.015625
33690 0.015625
33700 0.03125
33710 0.015625
33720 0.03125
33730 0.015625
33740 0.03125
33750 0.015625
33760 0.03125
33770 0.015625
33780 0.015625
33790 0.03125
33800 0.015625
33810 0.03125
33820 0.015625
33830 0.03125
33840 0.015625
33850 0.03125
33860 0.015625
33870 0.015625
33880 0.03125
33890 0.015625
33900 0.03125
33910 0.015625
33920 0.03125
33930 0.015625
33940 0.03125
33950 0.015625
33960 0.03125
33970 0.015625
33980 0.03125
33990 0.015625
34000 0.015625
34010 0.03125
34020 0.015625
34030 0.03125
34040 0.015625
34050 0.03125
34060 0.015625
34070 0.03125
34080 0.015625
34090 0.03125
34100 0.015625
34110 0.015625
34120 0.03125
34130 0.015625
34140 0.03125
34150 0.015625
34160 0.03125
34170 0.015625
34180 0.03125
34190 0.015625
34200 0.03125
34210 0.015625
34220 0.03125
34230 0.015625
34240 0.03125
34250 0.015625
34260 0.015625
34270 0.03125
34280 0.015625
34290 0.03125
34300 0.015625
34310 0.03125
34320 0.015625
34330 0.03125
34340 0.015625
34350 0.03125
34360 0.015625
34370 0.03125
34380 0.015625
34390 0.03125
34400 0.015625
34410 0.03125
34420 0.015625
34430 0.03125
34440 0.015625
34450 0.03125
34460 0.015625
34470 0.015625
34480 0.015625
34490 0.015625
34500 0.03125
34510 0.015625
34520 0.03125
34530 0.015625
34540 0.03125
34550 0.015625
34560 0.015625
34570 0.015625
34580 0.03125
34590 0.015625
34600 0.03125
34610 0.015625
34620 0.03125
34630 0.015625
34640 0.03125
34650 0.015625
34660 0.03125
34670 0.015625
34680 0.03125
34690 0.015625
34700 0.03125
34710 0.015625
34720 0.03125
34730 0.015625
34740 0.03125
34750 0.015625
34760 0.03125
34770 0.015625
34780 0.03125
34790 0.015625
34800 0.03125
34810 0.015625
34820 0.03125
34830 0.015625
34840 0.03125
34850 0.015625
34860 0.03125
34870 0.015625
34880 0.03125
34890 0.015625
34900 0.03125
34910 0.015625
34920 0.03125
34930 0.015625
34940 0.03125
34950 0.015625
34960 0.03125
34970 0.015625
34980 0.03125
34990 0.015625
35000 0.03125
35010 0.015625
35020 0.03125
35030 0.015625
35040 0.03125
35050 0.015625
35060 0.03125
35070 0.015625
35080 0.03125
35090 0.015625
35100 0.03125
35110 0.015625
35120 0.03125
35130 0.03125
35140 0.015625
35150 0.03125
35160 0.015625
35170 0.03125
35180 0.015625
35190 0.03125
35200 0.015625
35210 0.03125
35220 0.015625
35230 0.03125
35240 0.015625
35250 0.03125
35260 0.015625
35270 0.03125
35280 0.015625
35290 0.03125
35300 0.015625
35310 0.03125
35320 0.015625
35330 0.03125
35340 0.015625
35350 0.03125
35360 0.015625
35370 0.03125
35380 0.03125
35390 0.015625
35400 0.03125
35410 0.015625
35420 0.03125
35430 0.015625
35440 0.03125
35450 0.015625
35460 0.03125
35470 0.015625
35480 0.03125
35490 0.015625
35500 0.03125
35510 0.015625
35520 0.03125
35530 0.03125
35540 0.015625
35550 0.03125
35560 0.015625
35570 0.03125
35580 0.015625
35590 0.03125
35600 0.015625
35610 0.03125
35620 0.015625
35630 0.03125
35640 0.015625
35650 0.03125
35660 0.03125
35670 0.015625
35680 0.03125
35690 0.015625
35700 0.03125
35710 0.015625
35720 0.03125
35730 0.015625
35740 0.03125
35750 0.015625
35760 0.03125
35770 0.03125
35780 0.015625
35790 0.03125
35800 0.015625
35810 0.03125
35820 0.015625
35830 0.03125
35840 0.03125
35850 0.015625
35860 0.03125
35870 0.015625
35880 0.03125
35890 0.015625
35900 0.03125
35910 0.015625
35920 0.03125
35930 0.03125
35940 0.015625
35950 0.03125
35960 0.015625
35970 0.03125
35980 0.015625
35990 0.03125
36000 0.015625
36010 0.03125
36020 0.03125
36030 0.015625
36040 0.03125
36050 0.015625
36060 0.03125
36070 0.015625
36080 0.03125
36090 0.015625
36100 0.03125
36110 0.03125
36120 0.015625
36130 0.03125
36140 0.015625
36150 0.03125
36160 0.015625
36170 0.03125
36180 0.03125
36190 0.015625
36200 0.03125
36210 0.015625
36220 0.03125
36230 0.015625
36240 0.03125
36250 0.015625
36260 0.03125
36270 0.03125
36280 0.015625
36290 0.03125
36300 0.015625
36310 0.03125
36320 0.015625
36330 0.03125
36340 0.03125
36350 0.015625
36360 0.03125
36370 0.015625
36380 0.03125
36390 0.015625
36400 0.03125
36410 0.03125
36420 0.015625
36430 0.03125
36440 0.015625
36450 0.03125
36460 0.015625
36470 0.03125
36480 0.03125
36490 0.015625
36500 0.03125
36510 0.015625
36520 0.03125
36530 0.015625
36540 0.03125
36550 0.03125
36560 0.015625
36570 0.03125
36580 0.015625
36590 0.03125
36600 0.03125
36610 0.015625
36620 0.03125
36630 0.015625
36640 0.03125
36650 0.015625
36660 0.03125
36670 0.03125
36680 0.015625
36690 0.03125
36700 0.015625
36710 0.03125
36720 0.03125
36730 0.015625
36740 0.03125
36750 0.015625
36760 0.03125
36770 0.03125
36780 0.015625
36790 0.03125
36800 0.015625
36810 0.03125
36820 0.015625
36830 0.03125
36840 0.03125
36850 0.015625
36860 0.03125
36870 0.015625
36880 0.03125
36890 0.03125
36900 0.015625
36910 0.03125
36920 0.015625
36930 0.03125
36940 0.03125
36950 0.015625
36960 0.03125
36970 0.015625
36980 0.03125
36990 0.03125
37000 0.015625
37010 0.03125
37020 0.015625
37030 0.03125
37040 0.03125
37050 0.015625
37060 0.03125
37070 0.015625
37080 0.03125
37090 0.03125
37100 0.015625
37110 0.03125
37120 0.015625
37130 0.03125
37140 0.03125
37150 0.015625
37160 0.03125
37170 0.015625
37180 0.03125
37190 0.03125
37200 0.015625
37210 0.03125
37220 0.03125
37230 0.015625
37240 0.03125
37250 0.015625
37260 0.03125
37270 0.03125
37280 0.015625
37290 0.03125
37300 0.015625
37310 0.03125
