100 0
110 0
120 0
130 0
140 0
150 0
160 0
170 0
180 0
190 0
200 0
210 0
220 0
230 0
240 0
250 0
260 0
270 0
280 0
290 0
300 0
310 0
320 0
330 0
340 0
350 0
360 0
370 0.015625
380 0
390 0
400 0
410 0
420 0
430 0
440 0
450 0
460 0
470 0
480 0
490 0
500 0.015625
510 0
520 0
530 0
540 0
550 0
560 0
570 0
580 0.015625
590 0
600 0
610 0
620 0
630 0
640 0
650 0
660 0.015625
670 0
680 0
690 0
700 0
710 0
720 0.015625
730 0
740 0
750 0
760 0.015625
770 0
780 0
790 0
800 0
810 0.015625
820 0
830 0
840 0
850 0.015625
860 0
870 0
880 0
890 0.015625
900 0
910 0
920 0.015625
930 0
940 0
950 0.015625
960 0
970 0
980 0.015625
990 0
1000 0
1010 0.015625
1020 0
1030 0
1040 0.015625
1050 0
1060 0.015625
1070 0
1080 0.015625
1090 0
1100 0
1110 0.015625
1120 0
1130 0.015625
1140 0
1150 0.015625
1160 0
1170 0.015625
1180 0
1190 0.015625
1200 0
1210 0.015625
1220 0
1230 0.015625
1240 0
1250 0.015625
1260 0.015625
1270 0
1280 0.015625
1290 0
1300 0.015625
1310 0.015625
1320 0
1330 0.015625
1340 0.015625
1350 0
1360 0.015625
1370 0
1380 0.015625
1390 0.015625
1400 0.015625
1410 0
1420 0.015625
1430 0.015625
1440 0.015625
1450 0
1460 0.015625
1470 0.015625
1480 0.015625
1490 0
1500 0.015625
1510 0.015625
1520 0.015625
1530 0.015625
1540 0.015625
1550 0.015625
1560 0
1570 0.015625
1580 0.015625
1590 0.015625
1600 0.015625
1610 0.015625
1620 0.015625
1630 0.015625
1640 0.015625
1650 0.015625
1660 0.015625
1670 0.015625
1680 0.015625
1690 0.015625
1700 0.015625
1710 0.015625
1720 0.015625
1730 0.015625
1740 0.015625
1750 0.015625
1760 0.015625
1770 0.015625
1780 0.03125
1790 0.015625
1800 0.015625
1810 0.015625
1820 0.015625
1830 0.03125
1840 0.015625
1850 0.015625
1860 0.015625
1870 0.015625
1880 0.03125
1890 0.015625
1900 0.015625
1910 0.03125
1920 0.015625
1930 0.015625
1940 0.03125
1950 0.015625
1960 0.015625
1970 0.03125
1980 0.015625
1990 0.03125
2000 0.015625
2010 0.03125
2020 0.015625
2030 0.03125
2040 0.015625
2050 0.03125
2060 0.015625
2070 0.03125
2080 0.015625
2090 0.03125
2100 0.015625
2110 0.03125
2120 0.03125
2130 0.015625
2140 0.03125
2150 0.03125
2160 0.015625
2170 0.03125
2180 0.03125
2190 0.015625
2200 0.03125
2210 0.03125
2220 0.015625
2230 0.03125
2240 0.03125
2250 0.03125
2260 0.03125
2270 0.03125
2280 0.03125
2290 0.015625
2300 0.03125
2310 0.03125
2320 0.03125
2330 0.03125
2340 0.03125
2350 0.03125
2360 0.03125
2370 0.03125
2380 0.03125
2390 0.03125
2400 0.03125
2410 0.03125
2420 0.046875
2430 0.03125
2440 0.03125
2450 0.03125
2460 0.03125
2470 0.03125
2480 0.03125
2490 0.046875
2500 0.03125
2510 0.03125
2520 0.03125
2530 0.046875
2540 0.03125
2550 0.03125
2560 0.046875
2570 0.03125
2580 0.046875
2590 0.03125
2600 0.03125
2610 0.046875
2620 0.03125
2630 0.046875
2640 0.03125
2650 0.046875
2660 0.03125
2670 0.046875
2680 0.046875
2690 0.03125
2700 0.046875
2710 0.046875
2720 0.03125
2730 0.046875
2740 0.046875
2750 0.03125
2760 0.046875
2770 0.046875
2780 0.046875
2790 0.03125
2800 0.046875
2810 0.046875
2820 0.046875
2830 0.046875
2840 0.046875
2850 0.03125
2860 0.046875
2870 0.046875
2880 0.046875
2890 0.046875
2900 0.046875
2910 0.046875
2920 0.046875
2930 0.0625
2940 0.046875
2950 0.046875
2960 0.046875
2970 0.046875
2980 0.046875
2990 0.046875
3000 0.0625
3010 0.046875
3020 0.046875
3030 0.046875
3040 0.046875
3050 0.046875
3060 0.046875
3070 0.0625
3080 0.046875
3090 0.0625
3100 0.046875
3110 0.0625
3120 0.046875
3130 0.0625
3140 0.046875
3150 0.0625
3160 0.046875
3170 0.0625
3180 0.0625
3190 0.046875
3200 0.0625
3210 0.0625
3220 0.046875
3230 0.0625
3240 0.0625
3250 0.0625
3260 0.046875
3270 0.0625
3280 0.078125
3290 0.0625
3300 0.09375
3310 0.078125
3320 0.0625
3330 0.0625
3340 0.0625
3350 0.078125
3360 0.0625
3370 0.0625
3380 0.0625
3390 0.0625
3400 0.0625
3410 0.078125
3420 0.0625
3430 0.0625
3440 0.0625
3450 0.078125
3460 0.0625
3470 0.0625
3480 0.078125
3490 0.0625
3500 0.0625
3510 0.078125
3520 0.0625
3530 0.078125
3540 0.0625
3550 0.078125
3560 0.0625
3570 0.078125
3580 0.0625
3590 0.078125
3600 0.0625
3610 0.078125
3620 0.078125
3630 0.0625
3640 0.078125
3650 0.078125
3660 0.078125
3670 0.078125
3680 0.0625
3690 0.078125
3700 0.0625
3710 0.078125
3720 0.0625
3730 0.078125
3740 0.078125
3750 0.09375
3760 0.078125
3770 0.078125
3780 0.078125
3790 0.078125
3800 0.078125
3810 0.078125
3820 0.09375
3830 0.078125
3840 0.078125
3850 0.078125
3860 0.09375
3870 0.078125
3880 0.078125
3890 0.09375
3900 0.09375
3910 0.078125
3920 0.078125
3930 0.09375
3940 0.078125
3950 0.078125
3960 0.09375
3970 0.078125
3980 0.09375
3990 0.09375
4000 0.09375
4010 0.078125
4020 0.078125
4030 0.09375
4040 0.09375
4050 0.09375
4060 0.09375
4070 0.09375
4080 0.09375
4090 0.09375
4100 0.09375
4110 0.09375
4120 0.09375
4130 0.09375
4140 0.09375
4150 0.109375
4160 0.09375
4170 0.09375
4180 0.09375
4190 0.109375
4200 0.09375
4210 0.09375
4220 0.109375
4230 0.09375
4240 0.109375
4250 0.09375
4260 0.109375
4270 0.09375
4280 0.109375
4290 0.09375
4300 0.109375
4310 0.109375
4320 0.09375
4330 0.109375
4340 0.109375
4350 0.109375
4360 0.109375
4370 0.09375
4380 0.109375
4390 0.109375
4400 0.109375
4410 0.109375
4420 0.109375
4430 0.109375
4440 0.109375
4450 0.125
4460 0.109375
4470 0.109375
4480 0.109375
4490 0.109375
4500 0.109375
4510 0.125
4520 0.109375
4530 0.125
4540 0.109375
4550 0.109375
4560 0.125
4570 0.109375
4580 0.125
4590 0.109375
4600 0.125
4610 0.109375
4620 0.125
4630 0.125
4640 0.125
4650 0.109375
4660 0.125
4670 0.125
4680 0.125
4690 0.125
4700 0.125
4710 0.125
4720 0.125
4730 0.125
4740 0.125
4750 0.125
4760 0.125
4770 0.125
4780 0.125
4790 0.140625
4800 0.125
4810 0.125
4820 0.140625
4830 0.125
4840 0.140625
4850 0.125
4860 0.140625
4870 0.125
4880 0.140625
4890 0.125
4900 0.140625
4910 0.140625
4920 0.125
4930 0.140625
4940 0.140625
4950 0.140625
4960 0.140625
4970 0.125
4980 0.140625
4990 0.140625
5000 0.140625
5010 0.140625
5020 0.140625
5030 0.140625
5040 0.140625
5050 0.140625
5060 0.140625
5070 0.15625
5080 0.140625
5090 0.140625
5100 0.15625
5110 0.140625
5120 0.15625
5130 0.140625
5140 0.140625
5150 0.15625
5160 0.15625
5170 0.140625
5180 0.15625
5190 0.140625
5200 0.15625
5210 0.15625
5220 0.15625
5230 0.15625
5240 0.140625
5250 0.15625
5260 0.15625
5270 0.15625
5280 0.15625
5290 0.15625
5300 0.15625
5310 0.15625
5320 0.15625
5330 0.171875
5340 0.15625
5350 0.15625
5360 0.15625
5370 0.171875
5380 0.15625
5390 0.171875
5400 0.15625
5410 0.171875
5420 0.15625
5430 0.171875
5440 0.171875
5450 0.15625
5460 0.171875
5470 0.15625
5480 0.171875
5490 0.171875
5500 0.171875
5510 0.171875
5520 0.171875
5530 0.171875
5540 0.15625
5550 0.171875
5560 0.1875
5570 0.171875
5580 0.171875
5590 0.171875
5600 0.1875
5610 0.171875
5620 0.1875
5630 0.171875
5640 0.171875
5650 0.1875
5660 0.171875
5670 0.1875
5680 0.171875
5690 0.1875
5700 0.171875
5710 0.203125
5720 0.171875
5730 0.1875
5740 0.1875
5750 0.1875
5760 0.1875
5770 0.1875
5780 0.1875
5790 0.1875
5800 0.1875
5810 0.1875
5820 0.1875
5830 0.203125
5840 0.1875
5850 0.1875
5860 0.203125
5870 0.1875
5880 0.1875
5890 0.203125
5900 0.203125
5910 0.1875
5920 0.203125
5930 0.1875
5940 0.203125
5950 0.203125
5960 0.203125
5970 0.1875
5980 0.203125
5990 0.203125
6000 0.203125
6010 0.203125
6020 0.203125
6030 0.203125
6040 0.203125
6050 0.203125
6060 0.203125
6070 0.203125
6080 0.21875
6090 0.203125
6100 0.203125
6110 0.21875
6120 0.203125
6130 0.21875
6140 0.203125
6150 0.21875
6160 0.203125
6170 0.21875
6180 0.21875
6190 0.203125
6200 0.21875
6210 0.234375
6220 0.203125
6230 0.21875
6240 0.234375
6250 0.203125
6260 0.21875
6270 0.234375
6280 0.21875
6290 0.21875
6300 0.21875
6310 0.21875
6320 0.21875
6330 0.234375
6340 0.21875
6350 0.21875
6360 0.234375
6370 0.234375
6380 0.21875
6390 0.234375
6400 0.234375
6410 0.234375
6420 0.21875
6430 0.234375
6440 0.234375
6450 0.234375
6460 0.234375
6470 0.234375
6480 0.234375
6490 0.234375
6500 0.234375
6510 0.25
6520 0.234375
6530 0.234375
6540 0.234375
6550 0.25
6560 0.25
6570 0.234375
6580 0.234375
6590 0.25
6600 0.25
6610 0.234375
6620 0.25
6630 0.25
6640 0.25
6650 0.234375
6660 0.25
6670 0.25
6680 0.25
6690 0.25
6700 0.265625
6710 0.25
6720 0.25
6730 0.25
6740 0.265625
6750 0.25
6760 0.25
6770 0.265625
6780 0.25
6790 0.265625
6800 0.25
6810 0.265625
6820 0.25
6830 0.265625
6840 0.265625
6850 0.25
6860 0.265625
6870 0.265625
6880 0.265625
6890 0.28125
6900 0.265625
6910 0.265625
6920 0.265625
6930 0.265625
6940 0.265625
6950 0.265625
6960 0.28125
6970 0.265625
6980 0.28125
6990 0.265625
7000 0.28125
7010 0.265625
7020 0.28125
7030 0.28125
7040 0.28125
7050 0.296875
7060 0.28125
7070 0.265625
7080 0.28125
7090 0.28125
7100 0.296875
7110 0.28125
7120 0.28125
7130 0.28125
7140 0.296875
7150 0.28125
7160 0.28125
7170 0.296875
7180 0.28125
7190 0.296875
7200 0.296875
7210 0.28125
7220 0.296875
7230 0.28125
7240 0.296875
7250 0.296875
7260 0.296875
7270 0.296875
7280 0.296875
7290 0.296875
7300 0.296875
7310 0.296875
7320 0.296875
7330 0.296875
7340 0.3125
7350 0.296875
7360 0.296875
7370 0.296875
7380 0.3125
7390 0.3125
7400 0.296875
7410 0.3125
7420 0.3125
7430 0.3125
7440 0.296875
7450 0.3125
7460 0.3125
7470 0.3125
7480 0.3125
7490 0.3125
7500 0.328125
7510 0.3125
7520 0.3125
7530 0.3125
7540 0.3125
7550 0.328125
7560 0.3125
7570 0.328125
7580 0.328125
7590 0.3125
7600 0.328125
7610 0.3125
7620 0.34375
7630 0.3125
7640 0.328125
7650 0.328125
7660 0.328125
7670 0.34375
7680 0.328125
7690 0.328125
7700 0.328125
7710 0.328125
7720 0.34375
7730 0.328125
7740 0.34375
7750 0.34375
7760 0.328125
7770 0.34375
7780 0.34375
7790 0.34375
7800 0.328125
7810 0.34375
7820 0.34375
7830 0.359375
7840 0.34375
7850 0.34375
7860 0.359375
7870 0.359375
7880 0.359375
7890 0.359375
7900 0.359375
7910 0.359375
7920 0.359375
7930 0.375
7940 0.359375
7950 0.375
7960 0.34375
7970 0.359375
7980 0.359375
7990 0.375
8000 0.359375
8010 0.375
8020 0.359375
8030 0.359375
8040 0.359375
8050 0.375
8060 0.359375
8070 0.375
8080 0.359375
8090 0.359375
8100 0.375
8110 0.359375
8120 0.375
8130 0.375
8140 0.359375
8150 0.375
8160 0.375
8170 0.375
8180 0.375
8190 0.375
8200 0.375
8210 0.375
8220 0.390625
8230 0.375
8240 0.375
8250 0.390625
8260 0.375
8270 0.375
8280 0.390625
8290 0.390625
8300 0.390625
8310 0.390625
8320 0.390625
8330 0.375
8340 0.390625
8350 0.40625
8360 0.390625
8370 0.390625
8380 0.390625
8390 0.40625
8400 0.390625
8410 0.40625
8420 0.390625
8430 0.40625
8440 0.390625
8450 0.40625
8460 0.40625
8470 0.390625
8480 0.40625
8490 0.390625
8500 0.390625
8510 0.40625
8520 0.40625
8530 0.40625
8540 0.40625
8550 0.421875
8560 0.40625
8570 0.40625
8580 0.40625
8590 0.421875
8600 0.421875
8610 0.421875
8620 0.421875
8630 0.40625
8640 0.421875
8650 0.421875
8660 0.421875
8670 0.421875
8680 0.421875
8690 0.421875
8700 0.421875
8710 0.4375
8720 0.421875
8730 0.421875
8740 0.421875
8750 0.4375
8760 0.421875
8770 0.4375
8780 0.4375
8790 0.421875
8800 0.4375
8810 0.4375
8820 0.421875
8830 0.453125
8840 0.4375
8850 0.4375
8860 0.4375
8870 0.4375
8880 0.4375
8890 0.453125
8900 0.4375
8910 0.453125
8920 0.4375
8930 0.453125
8940 0.453125
8950 0.4375
8960 0.453125
8970 0.453125
8980 0.453125
8990 0.453125
9000 0.453125
9010 0.453125
9020 0.46875
9030 0.453125
9040 0.453125
9050 0.453125
9060 0.453125
9070 0.46875
9080 0.453125
9090 0.46875
9100 0.46875
9110 0.453125
9120 0.46875
9130 0.46875
9140 0.46875
9150 0.46875
9160 0.46875
9170 0.46875
9180 0.484375
9190 0.46875
9200 0.46875
9210 0.46875
9220 0.46875
9230 0.484375
9240 0.46875
9250 0.484375
9260 0.484375
9270 0.46875
9280 0.484375
9290 0.484375
9300 0.484375
9310 0.484375
9320 0.46875
9330 0.484375
9340 0.5
9350 0.484375
9360 0.5
9370 0.484375
9380 0.5
9390 0.484375
9400 0.5
9410 0.5
9420 0.5
9430 0.5
9440 0.5
9450 0.5
9460 0.5
9470 0.515625
9480 0.5
9490 0.53125
9500 0.53125
9510 0.5
9520 0.515625
9530 0.5
9540 0.515625
9550 0.515625
9560 0.515625
9570 0.515625
9580 0.515625
9590 0.515625
9600 0.515625
9610 0.53125
9620 0.53125
9630 0.515625
9640 0.53125
9650 0.53125
9660 0.5
9670 0.53125
9680 0.53125
9690 0.546875
9700 0.53125
9710 0.53125
9720 0.515625
9730 0.53125
9740 0.53125
9750 0.546875
9760 0.53125
9770 0.53125
9780 0.53125
9790 0.546875
9800 0.546875
9810 0.53125
9820 0.546875
9830 0.53125
9840 0.546875
9850 0.53125
9860 0.546875
9870 0.546875
9880 0.546875
9890 0.546875
9900 0.546875
9910 0.546875
9920 0.546875
9930 0.546875
9940 0.5625
9950 0.53125
9960 0.5625
9970 0.5625
9980 0.578125
9990 0.546875
10000 0.5625
10010 0.5625
10020 0.5625
10030 0.5625
10040 0.5625
10050 0.5625
10060 0.5625
10070 0.5625
10080 0.578125
10090 0.5625
10100 0.578125
10110 0.59375
10120 0.578125
10130 0.578125
10140 0.5625
10150 0.578125
10160 0.578125
10170 0.578125
10180 0.578125
10190 0.578125
10200 0.578125
10210 0.59375
10220 0.578125
10230 0.578125
10240 0.59375
10250 0.59375
10260 0.578125
10270 0.59375
10280 0.59375
10290 0.609375
10300 0.59375
10310 0.59375
10320 0.59375
10330 0.59375
10340 0.609375
10350 0.59375
10360 0.609375
10370 0.609375
10380 0.609375
10390 0.59375
10400 0.609375
10410 0.609375
10420 0.609375
10430 0.609375
10440 0.59375
10450 0.625
10460 0.609375
10470 0.609375
10480 0.625
10490 0.625
10500 0.609375
10510 0.609375
10520 0.625
10530 0.625
10540 0.625
10550 0.625
10560 0.625
10570 0.625
10580 0.625
10590 0.640625
10600 0.640625
10610 0.625
10620 0.640625
10630 0.640625
10640 0.640625
10650 0.625
10660 0.65625
10670 0.625
10680 0.640625
10690 0.640625
10700 0.640625
10710 0.640625
10720 0.640625
10730 0.65625
10740 0.640625
10750 0.640625
10760 0.65625
10770 0.640625
10780 0.671875
10790 0.640625
10800 0.65625
10810 0.65625
10820 0.640625
10830 0.65625
10840 0.671875
10850 0.65625
10860 0.671875
10870 0.65625
10880 0.65625
10890 0.671875
10900 0.65625
10910 0.671875
10920 0.671875
10930 0.671875
10940 0.65625
10950 0.671875
10960 0.6875
10970 0.671875
10980 0.6875
10990 0.671875
11000 0.6875
11010 0.671875
11020 0.703125
11030 0.671875
11040 0.671875
11050 0.703125
11060 0.703125
11070 0.6875
11080 0.6875
11090 0.6875
11100 0.703125
11110 0.6875
11120 0.703125
11130 0.703125
11140 0.6875
11150 0.6875
11160 0.703125
11170 0.6875
11180 0.703125
11190 0.703125
11200 0.703125
11210 0.703125
11220 0.703125
11230 0.703125
11240 0.734375
11250 0.703125
11260 0.71875
11270 0.703125
11280 0.71875
11290 0.71875
11300 0.71875
11310 0.71875
11320 0.71875
11330 0.703125
11340 0.71875
11350 0.734375
11360 0.71875
11370 0.734375
11380 0.734375
11390 0.71875
11400 0.734375
11410 0.734375
11420 0.734375
11430 0.71875
11440 0.734375
11450 0.75
11460 0.734375
11470 0.734375
11480 0.75
11490 0.734375
11500 0.75
11510 0.75
11520 0.75
11530 0.75
11540 0.75
11550 0.765625
11560 0.75
11570 0.75
11580 0.765625
11590 0.765625
11600 0.75
11610 0.75
11620 0.765625
11630 0.75
11640 0.765625
11650 0.75
11660 0.765625
11670 0.765625
11680 0.765625
11690 0.78125
11700 0.765625
11710 0.765625
11720 0.765625
11730 0.78125
11740 0.78125
11750 0.765625
11760 0.78125
11770 0.78125
