10 0
20 0
30 0
40 0
50 0
60 0
70 0
80 0.001
90 0.001
100 0
110 0.001
120 0.001
130 0.001
140 0.002
150 0.002
160 0.002
170 0.002
180 0.003
190 0.004
200 0.003
210 0.004
220 0.004
230 0.005
240 0.005
250 0.006
260 0.006
270 0.007
280 0.007
290 0.006
300 0.006
310 0.005
320 0.006
330 0.004
340 0.005
350 0.005
360 0.005
370 0.006
380 0.006
390 0.007
400 0.007
410 0.007
420 0.008
430 0.008
440 0.008
450 0.009
460 0.009
470 0.01
480 0.01
490 0.01
500 0.011
510 0.012
520 0.013
530 0.018
540 0.024
550 0.024
560 0.025
570 0.019
580 0.016
590 0.019
600 0.025
610 0.027
620 0.027
630 0.023
640 0.019
650 0.019
660 0.021
670 0.02
680 0.021
690 0.023
700 0.023
710 0.023
720 0.025
730 0.025
740 0.026
750 0.027
760 0.027
770 0.028
780 0.028
790 0.03
800 0.031
810 0.031
820 0.032
830 0.034
840 0.043
850 0.044
860 0.053
870 0.051
880 0.038
890 0.038
900 0.042
910 0.041
920 0.042
930 0.043
940 0.044
950 0.045
960 0.046
970 0.045
980 0.048
990 0.048
1000 0.048
1010 0.049
1020 0.07
1030 0.065
1040 0.051
1050 0.053
1060 0.055
1070 0.056
1080 0.058
1090 0.058
1100 0.06
1110 0.06
1120 0.063
1130 0.063
1140 0.064
1150 0.067
1160 0.067
1170 0.068
1180 0.071
1190 0.071
1200 0.073
1210 0.094
1220 0.101
1230 0.078
1240 0.079
1250 0.08
1260 0.097
1270 0.1
1280 0.084
1290 0.086
1300 0.085
1310 0.088
1320 0.089
1330 0.092
1340 0.092
1350 0.094
1360 0.096
1370 0.097
1380 0.098
1390 0.101
1400 0.101
1410 0.11
1420 0.142
1430 0.106
1440 0.108
1450 0.109
1460 0.111
1470 0.113
1480 0.113
1490 0.116
1500 0.118
1510 0.118
1520 0.12
1530 0.121
1540 0.124
1550 0.125
1560 0.126
1570 0.129
1580 0.131
1590 0.132
1600 0.135
1610 0.138
1620 0.137
1630 0.14
1640 0.143
1650 0.143
1660 0.146
1670 0.148
1680 0.15
1690 0.153
1700 0.152
1710 0.155
1720 0.157
1730 0.159
1740 0.16
1750 0.163
1760 0.165
1770 0.166
1780 0.168
1790 0.17
1800 0.172
1810 0.173
1820 0.175
1830 0.178
1840 0.18
1850 0.182
1860 0.184
1870 0.186
1880 0.189
1890 0.191
1900 0.192
1910 0.196
1920 0.197
1930 0.2
1940 0.2
1950 0.204
1960 0.206
1970 0.21
1980 0.209
1990 0.214
2000 0.215
2010 0.219
2020 0.233
2030 0.223
2040 0.223
2050 0.223
2060 0.227
2070 0.232
2080 0.233
2090 0.235
2100 0.24
2110 0.244
2120 0.245
2130 0.248
2140 0.249
2150 0.252
2160 0.258
2170 0.262
2180 0.265
2190 0.267
2200 0.267
2210 0.272
2220 0.277
2230 0.28
2240 0.282
2250 0.286
2260 0.286
2270 0.29
2280 0.295
2290 0.329
2300 0.305
2310 0.306
2320 0.352
2330 0.311
2340 0.312
2350 0.334
2360 0.337
2370 0.326
2380 0.325
2390 0.33
2400 0.334
2410 0.337
2420 0.338
2430 0.344
2440 0.349
2450 0.351
2460 0.353
2470 0.356
2480 0.361
2490 0.365
2500 0.367
2510 0.372
2520 0.385
2530 0.377
2540 0.444
2550 0.509
2560 0.428
2570 0.439
2580 0.48
2590 0.401
2600 0.5
2610 0.713
2620 1.086
2630 0.563
2640 0.44
2650 0.446
2660 0.459
2670 0.429
2680 0.435
2690 0.44
2700 0.441
2710 0.447
2720 0.45
2730 0.451
2740 0.457
2750 0.466
2760 0.468
2770 0.474
2780 0.544
2790 0.523
2800 0.492
2810 0.496
2820 0.574
2830 0.509
2840 0.512
2850 0.518
2860 0.513
2870 0.515
2880 0.512
2890 0.523
2900 0.552
2910 0.531
2920 0.545
2930 0.537
2940 0.538
2950 0.556
2960 0.551
2970 0.549
2980 0.556
2990 0.559
3000 0.566
3010 0.57
3020 0.573
3030 0.575
3040 0.58
3050 0.585
3060 0.586
3070 0.593
3080 0.597
3090 0.6
3100 0.608
3110 0.609
3120 0.612
3130 0.619
3140 0.623
3150 0.626
3160 0.635
3170 0.639
3180 0.641
3190 0.647
3200 0.652
3210 0.654
3220 0.661
3230 0.667
3240 0.684
3250 0.678
3260 0.682
3270 0.685
3280 0.691
3290 0.696
3300 0.702
3310 0.737
3320 0.712
3330 0.715
3340 0.72
3350 0.721
3360 0.731
3370 0.733
3380 0.739
3390 0.742
3400 0.749
3410 0.754
3420 0.758
3430 0.76
3440 0.769
3450 0.775
3460 0.777
3470 0.781
3480 0.788
3490 0.794
3500 0.798
3510 0.806
3520 0.81
3530 0.812
3540 0.816
3550 0.821
3560 0.831
3570 0.834
3580 0.838
3590 0.832
3600 0.846
3610 0.853
3620 0.855
3630 0.86
3640 0.868
3650 0.87
3660 0.878
3670 0.885
3680 0.891
3690 0.893
3700 0.911
3710 0.913
3720 0.91
3730 0.914
3740 0.924
3750 0.926
3760 0.93
3770 0.935
3780 0.945
3790 0.951
3800 1.101
3810 0.987
3820 0.976
3830 0.984
3840 0.977
3850 0.981
3860 0.981
3870 0.99
3880 0.998
3890 1.005
3900 1.01
3910 1.014
3920 1.02
3930 1.02
3940 1.033
3950 1.043
3960 1.05
3970 1.07
3980 1.083
3990 1.058
4000 1.062
4010 1.074
4020 1.071
4030 1.075
4040 1.094
4050 1.092
4060 1.096
4070 1.104
4080 1.101
4090 1.113
4100 1.111
4110 1.122
4120 1.143
4130 1.133
4140 1.143
4150 1.157
4160 1.155
4170 1.163
4180 1.177
4190 1.275
4200 1.284
4210 1.432
4220 1.394
4230 1.39
4240 1.246
4250 1.248
4260 1.249
4270 1.392
4280 1.361
4290 1.283
4300 1.454
4310 1.377
4320 1.27
4330 1.287
4340 1.306
4350 1.323
4360 1.332
4370 1.324
4380 1.33
4390 1.318
4400 1.334
4410 1.324
4420 1.395
4430 1.567
4440 1.467
4450 1.439
4460 1.564
4470 1.493
4480 1.563
4490 1.833
4500 2.124
4510 1.969
4520 1.836
4530 1.79
4540 1.799
4550 1.664
4560 1.503
4570 1.541
4580 1.596
4590 1.492
4600 1.509
4610 1.557
4620 1.509
4630 1.509
4640 1.509
4650 1.602
4660 1.545
4670 1.545
4680 1.568
4690 1.582
4700 1.554
4710 1.57
4720 1.672
4730 1.585
4740 1.598
4750 1.619
4760 1.603
4770 1.616
4780 1.621
4790 1.659
4800 1.626
4810 1.645
4820 1.654
4830 1.658
4840 1.709
4850 1.726
4860 1.709
4870 1.78
4880 1.702
4890 1.726
4900 1.858
4910 1.74
4920 1.822
4930 1.75
4940 1.744
4950 1.759
4960 1.768
4970 1.768
4980 1.789
4990 1.8
5000 1.788
5010 1.804
5020 1.815
5030 1.808
5040 1.817
5050 1.869
5060 1.874
5070 1.935
5080 1.983
5090 1.956
5100 1.935
5110 1.923
5120 1.902
5130 1.902
5140 1.94
5150 2.017
5160 1.951
5170 1.991
5180 1.963
5190 1.998
5200 2.015
5210 2.055
5220 1.973
5230 1.974
5240 1.992
5250 1.998
5260 2.046
5270 2.012
5280 2.026
5290 2.048
5300 2.029
5310 2.032
5320 2.063
5330 2.096
5340 2.092
5350 2.153
5360 2.152
5370 2.124
5380 2.129
5390 2.132
5400 2.12
5410 2.14
5420 2.135
5430 2.158
5440 2.168
5450 2.181
5460 2.172
5470 2.181
5480 2.18
5490 2.202
5500 2.246
5510 2.237
5520 2.241
5530 2.245
5540 2.227
5550 2.286
5560 2.4
5570 2.293
5580 2.413
5590 2.354
5600 2.354
5610 2.377
5620 2.355
5630 2.431
5640 2.438
5650 2.421
5660 2.462
5670 2.472
5680 2.417
5690 2.397
5700 2.406
5710 2.434
5720 2.403
5730 2.416
5740 2.421
5750 2.462
5760 2.43
5770 2.449
5780 2.447
5790 2.46
5800 2.499
5810 2.484
5820 2.486
5830 2.509
5840 2.532
5850 2.514
5860 2.551
5870 2.549
5880 2.558
5890 2.588
5900 2.572
5910 2.577
5920 2.588
5930 2.592
5940 2.616
5950 2.931
5960 2.64
5970 2.664
5980 2.721
5990 2.684
6000 2.716
6010 2.774
6020 2.699
6030 2.694
6040 2.726
6050 2.796
6060 2.734
6070 2.779
6080 2.761
6090 2.81
6100 2.782
6110 2.8
6120 2.792
6130 2.823
6140 2.799
6150 2.798
6160 2.881
6170 2.896
6180 2.887
6190 2.971
6200 2.99
6210 3.129
6220 3.216
6230 2.926
6240 2.891
6250 2.941
6260 3.01
6270 3.074
6280 2.939
6290 2.956
6300 2.958
6310 2.994
6320 3.051
6330 3.034
6340 3.037
6350 3.051
6360 3.035
6370 3.04
6380 3.036
6390 3.032
6400 3.057
6410 3.057
6420 3.093
6430 3.165
6440 3.088
6450 3.138
6460 3.193
6470 3.32
6480 3.279
6490 3.327
6500 3.244
6510 3.231
6520 3.283
6530 3.545
6540 3.495
6550 3.294
6560 3.53
6570 3.511
6580 3.478
6590 3.442
6600 3.399
6610 3.406
6620 3.348
6630 3.42
6640 3.325
6650 3.455
6660 3.343
6670 3.351
6680 3.383
6690 3.38
6700 3.409
6710 3.536
6720 3.499
6730 3.63
6740 3.657
6750 3.613
6760 3.489
6770 3.53
6780 3.613
6790 3.601
6800 3.902
6810 3.835
6820 3.861
6830 3.989
6840 4.214
6850 3.75
6860 3.747
6870 3.888
6880 3.973
6890 4.144
6900 4.591
6910 4.361
6920 4.315
6930 4.51
6940 4.191
6950 4.627
6960 4.435
6970 4.247
6980 4.102
6990 4.039
7000 3.971
7010 4
7020 4.351
7030 4.381
7040 3.993
7050 3.886
7060 4.173
7070 4.231
7080 4.255
7090 4.423
7100 4.252
7110 4.286
7120 4.352
7130 4.305
7140 4.28
7150 4.267
7160 4.243
7170 4.355
7180 4.37
7190 4.502
7200 4.503
7210 4.587
7220 4.485
7230 4.585
7240 4.648
7250 4.364
7260 4.439
7270 4.396
7280 4.379
7290 4.437
7300 4.793
7310 5.432
7320 5.466
7330 5.541
7340 5.478
7350 4.758
7360 4.881
7370 5.654
7380 5.216
7390 4.975
7400 4.903
7410 5.058
7420 5.418
7430 5.437
7440 5.375
7450 5.459
7460 5.644
7470 5.841
7480 5.617
7490 5.856
7500 6.035
7510 5.597
7520 5.791
7530 5.479
7540 6.666
7550 5.999
7560 6.144
7570 5.823
7580 5.998
7590 5.935
7600 6.299
7610 5.982
7620 5.552
7630 5.799
7640 5.633
7650 6.548
7660 5.928
7670 6.335
7680 5.744
7690 6.231
7700 5.899
7710 6.169
7720 5.898
7730 6.484
7740 6.126
7750 6.513
7760 5.894
7770 7.317
7780 7.63
7790 6.09
7800 6.194
7810 5.994
7820 5.843
7830 6.139
7840 6.429
7850 6.392
7860 6.063
7870 6.398
7880 6.56
7890 6.357
7900 6.417
7910 5.739
7920 5.493
7930 5.246
7940 5.122
7950 4.964
7960 4.988
7970 4.906
7980 4.976
7990 5.129
8000 5.076
8010 5.185
8020 5.123
8030 5.179
8040 5.314
8050 5.415
8060 5.592
8070 6.547
8080 6.452
8090 6.24
8100 5.483
8110 6.259
8120 6.155
8130 5.949
8140 6.27
8150 7.018
8160 6.39
8170 6.768
8180 6.938
8190 5.995
8200 5.413
8210 5.548
8220 5.696
8230 5.165
8240 5.146
8250 5.189
8260 5.133
8270 5.128
8280 5.139
8290 5.242
8300 5.146
8310 5.165
8320 5.211
8330 5.197
8340 5.297
8350 5.247
8360 5.244
8370 5.282
8380 5.278
8390 5.288
8400 5.293
8410 5.4
8420 5.317
8430 5.41
8440 5.332
8450 5.374
8460 5.514
8470 5.539
8480 5.45
8490 5.466
8500 5.458
8510 5.446
8520 5.48
8530 5.517
8540 5.513
8550 5.513
8560 5.557
8570 5.543
8580 5.555
8590 5.612
8600 5.612
8610 5.621
8620 5.648
8630 5.66
8640 5.724
8650 5.7
8660 5.711
8670 5.719
8680 5.754
8690 5.91
8700 6.457
8710 6.876
8720 6.617
8730 5.939
8740 5.933
8750 6.212
8760 6.288
8770 6.689
8780 7.589
8790 6.451
8800 6.164
8810 6.346
8820 6.97
8830 6.578
8840 6.409
8850 6.325
8860 6.919
8870 6.605
8880 6.369
8890 6.394
8900 6.449
8910 6.488
8920 6.421
8930 6.295
8940 6.205
8950 6.283
8960 6.348
8970 6.469
8980 6.477
8990 6.469
9000 6.424
9010 6.351
9020 6.357
9030 6.33
9040 6.384
9050 6.421
9060 6.426
9070 6.406
9080 6.557
9090 6.776
9100 6.532
9110 6.519
9120 6.465
9130 6.441
9140 6.427
9150 6.443
9160 6.507
9170 6.504
9180 6.489
9190 6.533
9200 6.535
9210 6.55
9220 6.582
9230 6.548
9240 6.58
9250 6.594
9260 6.664
9270 6.613
9280 6.605
9290 6.624
9300 6.747
9310 6.677
9320 6.687
9330 6.731
9340 6.743
9350 6.756
9360 6.785
9370 7.176
9380 6.893
9390 7.045
9400 7.008
9410 7.001
9420 7.038
9430 7.014
9440 7.675
9450 7.148
9460 7.1
9470 7.007
9480 6.972
9490 6.994
9500 7.113
9510 7.132
9520 7.018
9530 7.098
9540 7.092
9550 7.186
9560 7.139
9570 7.111
9580 7.129
9590 7.141
9600 7.193
9610 7.135
9620 7.232
9630 7.19
9640 7.217
9650 7.258
9660 7.249
9670 7.216
9680 7.273
9690 7.294
9700 7.312
9710 7.414
9720 7.376
9730 7.476
9740 7.708
9750 7.953
9760 7.502
9770 7.634
9780 7.577
9790 7.713
9800 7.645
9810 7.681
9820 8.244
9830 7.606
9840 7.538
9850 7.601
9860 7.674
9870 7.983
9880 7.74
9890 7.707
9900 7.665
9910 7.682
9920 7.675
9930 7.755
9940 7.737
9950 7.759
9960 7.804
9970 7.908
9980 8.044
9990 8.204
