10 0
20 0
30 0
40 0
50 0
60 0
70 0.001
80 0
90 0
100 0.001
110 0
120 0.001
130 0.001
140 0
150 0.001
160 0.001
170 0.001
180 0.001
190 0.001
200 0.002
210 0.002
220 0.002
230 0.002
240 0.003
250 0.003
260 0.003
270 0.004
280 0.004
290 0.004
300 0.004
310 0.005
320 0.005
330 0.005
340 0.006
350 0.006
360 0.006
370 0.007
380 0.007
390 0.007
400 0.008
410 0.009
420 0.009
430 0.009
440 0.01
450 0.01
460 0.01
470 0.011
480 0.011
490 0.013
500 0.012
510 0.014
520 0.013
530 0.014
540 0.016
550 0.015
560 0.016
570 0.017
580 0.018
590 0.019
600 0.019
610 0.02
620 0.021
630 0.021
640 0.022
650 0.023
660 0.024
670 0.024
680 0.025
690 0.025
700 0.026
710 0.027
720 0.028
730 0.029
740 0.03
750 0.03
760 0.031
770 0.033
780 0.034
790 0.034
800 0.035
810 0.035
820 0.038
830 0.039
840 0.04
850 0.042
860 0.042
870 0.044
880 0.043
890 0.045
900 0.046
910 0.047
920 0.051
930 0.049
940 0.05
950 0.052
960 0.052
970 0.054
980 0.054
990 0.056
1000 0.057
1010 0.058
1020 0.061
1030 0.061
1040 0.062
1050 0.063
1060 0.065
1070 0.066
1080 0.068
1090 0.07
1100 0.07
1110 0.071
1120 0.073
1130 0.075
1140 0.076
1150 0.077
1160 0.079
1170 0.08
1180 0.082
1190 0.084
1200 0.088
1210 0.088
1220 0.099
1230 0.091
1240 0.09
1250 0.092
1260 0.094
1270 0.097
1280 0.097
1290 0.099
1300 0.101
1310 0.102
1320 0.106
1330 0.106
1340 0.108
1350 0.109
1360 0.111
1370 0.113
1380 0.114
1390 0.116
1400 0.119
1410 0.121
1420 0.122
1430 0.125
1440 0.124
1450 0.127
1460 0.13
1470 0.131
1480 0.134
1490 0.137
1500 0.137
1510 0.139
1520 0.141
1530 0.142
1540 0.147
1550 0.146
1560 0.15
1570 0.151
1580 0.153
1590 0.156
1600 0.158
1610 0.161
1620 0.163
1630 0.163
1640 0.167
1650 0.168
1660 0.171
1670 0.173
1680 0.176
1690 0.176
1700 0.18
1710 0.182
1720 0.187
1730 0.186
1740 0.189
1750 0.192
1760 0.194
1770 0.195
1780 0.198
1790 0.202
1800 0.203
1810 0.205
1820 0.208
1830 0.21
1840 0.214
1850 0.217
1860 0.216
1870 0.224
1880 0.224
1890 0.226
1900 0.226
1910 0.233
1920 0.234
1930 0.238
1940 0.237
1950 0.244
1960 0.244
1970 0.251
1980 0.248
1990 0.255
2000 0.256
2010 0.261
2020 0.259
2030 0.268
2040 0.27
2050 0.269
2060 0.271
2070 0.277
2080 0.279
2090 0.279
2100 0.287
2110 0.289
2120 0.295
2130 0.296
2140 0.297
2150 0.303
2160 0.306
2170 0.311
2180 0.317
2190 0.317
2200 0.317
2210 0.319
2220 0.329
2230 0.33
2240 0.338
2250 0.339
2260 0.339
2270 0.343
2280 0.349
2290 0.352
2300 0.355
2310 0.359
2320 0.368
2330 0.37
2340 0.37
2350 0.374
2360 0.389
2370 0.384
2380 0.385
2390 0.39
2400 0.394
2410 0.398
2420 0.4
2430 0.406
2440 0.409
2450 0.414
2460 0.416
2470 0.422
2480 0.428
2490 0.43
2500 0.435
2510 0.437
2520 0.442
2530 0.451
2540 0.449
2550 0.456
2560 0.46
2570 0.464
2580 0.466
2590 0.473
2600 0.475
2610 0.479
2620 0.487
2630 0.491
2640 0.493
2650 0.5
2660 0.502
2670 0.507
2680 0.512
2690 0.518
2700 0.52
2710 0.528
2720 0.53
2730 0.535
2740 0.539
2750 0.548
2760 0.546
2770 0.556
2780 0.558
2790 0.561
2800 0.565
2810 0.57
2820 0.572
2830 0.579
2840 0.587
2850 0.589
2860 0.607
2870 0.602
2880 0.603
2890 0.611
2900 0.615
2910 0.627
2920 0.627
2930 0.631
2940 0.634
2950 0.641
2960 0.646
2970 0.649
2980 0.657
2990 0.66
3000 0.663
3010 0.672
3020 0.675
3030 0.68
3040 0.689
3050 0.691
3060 0.693
3070 0.701
3080 0.706
3090 0.71
3100 0.716
3110 0.725
3120 0.725
3130 0.734
3140 0.74
3150 0.744
3160 0.747
3170 0.753
3180 0.758
3190 0.766
3200 0.768
3210 0.775
3220 0.783
3230 0.789
3240 0.792
3250 0.805
3260 0.806
3270 0.812
3280 0.818
3290 0.819
3300 0.826
3310 0.836
3320 0.841
3330 0.846
3340 0.854
3350 0.858
3360 0.864
3370 0.868
3380 0.874
3390 0.88
3400 0.885
3410 0.886
3420 0.896
3430 0.901
3440 0.912
3450 0.913
3460 0.924
3470 0.925
3480 0.931
3490 0.939
3500 0.944
3510 0.951
3520 0.955
3530 0.961
3540 0.968
3550 0.981
3560 0.986
3570 0.989
3580 0.992
3590 1.004
3600 1.011
3610 1.013
3620 1.02
3630 1.026
3640 1.032
3650 1.037
3660 1.046
3670 1.05
3680 1.053
3690 1.058
3700 1.071
3710 1.072
3720 1.081
3730 1.089
3740 1.096
3750 1.1
3760 1.106
3770 1.111
3780 1.122
3790 1.13
3800 1.132
3810 1.141
3820 1.15
3830 1.158
3840 1.16
3850 1.173
3860 1.175
3870 1.18
3880 1.19
3890 1.198
3900 1.197
3910 1.204
3920 1.212
3930 1.216
3940 1.224
3950 1.26
3960 1.239
3970 1.248
3980 1.253
3990 1.257
4000 1.265
4010 1.27
4020 1.279
4030 1.289
4040 1.299
4050 1.303
4060 1.313
4070 1.318
4080 1.319
4090 1.334
4100 1.334
4110 1.343
4120 1.352
4130 1.355
4140 1.367
4150 1.378
4160 1.376
4170 1.388
4180 1.403
4190 1.486
4200 1.421
4210 1.435
4220 1.424
4230 1.434
4240 1.443
4250 1.45
4260 1.456
4270 1.482
4280 1.475
4290 1.473
4300 1.493
4310 1.483
4320 1.497
4330 1.512
4340 1.516
4350 1.553
4360 1.544
4370 1.539
4380 1.548
4390 1.562
4400 1.571
4410 1.576
4420 1.584
4430 1.587
4440 1.597
4450 1.611
4460 1.617
4470 1.62
4480 1.636
4490 1.641
4500 1.648
4510 1.662
4520 1.726
4530 1.728
4540 1.731
4550 1.734
4560 1.739
4570 1.715
4580 1.821
4590 1.794
4600 1.794
4610 1.756
4620 1.737
4630 1.755
4640 1.771
4650 1.795
4660 1.826
4670 1.808
4680 1.846
4690 1.836
4700 1.854
4710 2.283
4720 2.012
4730 1.87
4740 1.903
4750 1.921
4760 1.92
4770 1.929
4780 1.93
4790 1.934
4800 1.947
4810 1.97
4820 2.031
4830 1.949
4840 2.013
4850 2.038
4860 2.003
4870 2.143
4880 1.975
4890 1.999
4900 2
4910 2.001
4920 1.999
4930 2.019
4940 2.033
4950 2.036
4960 2.046
4970 2.094
4980 2.074
4990 2.085
5000 2.083
5010 2.088
5020 2.102
5030 2.105
5040 2.112
5050 2.124
5060 2.136
5070 2.153
5080 2.16
5090 2.156
5100 2.175
5110 2.193
5120 2.181
5130 2.2
5140 2.333
5150 2.407
5160 2.456
5170 2.278
5180 2.297
5190 2.326
5200 2.463
5210 2.275
5220 2.366
5230 2.519
5240 2.334
5250 2.317
5260 2.325
5270 2.349
5280 2.342
5290 2.359
5300 2.36
5310 2.367
5320 2.37
5330 2.377
5340 2.388
5350 2.409
5360 2.421
5370 2.425
5380 2.456
5390 2.509
5400 2.521
5410 2.513
5420 2.497
5430 2.5
5440 2.501
5450 2.514
5460 2.521
5470 2.524
5480 2.536
5490 2.548
5500 2.571
5510 2.567
5520 2.579
5530 2.592
5540 2.599
5550 2.614
5560 2.678
5570 2.635
5580 2.639
5590 2.654
5600 2.66
5610 2.667
5620 2.68
5630 2.682
5640 2.704
5650 2.717
5660 2.734
5670 2.731
5680 2.744
5690 2.76
5700 2.758
5710 2.784
5720 2.779
5730 2.808
5740 2.843
5750 2.875
5760 2.827
5770 2.841
5780 2.846
5790 2.861
5800 2.87
5810 2.868
5820 2.865
5830 2.887
5840 2.903
5850 2.923
5860 2.918
5870 2.916
5880 2.952
5890 2.964
5900 2.976
5910 2.996
5920 3.015
5930 3.027
5940 3.021
5950 3.038
5960 3.037
5970 3.04
5980 3.06
5990 3.061
6000 3.074
6010 3.099
6020 3.1
6030 3.111
6040 3.115
6050 3.127
6060 3.144
6070 3.148
6080 3.161
6090 3.175
6100 3.187
6110 3.203
6120 3.246
6130 3.24
6140 3.235
6150 3.251
6160 3.256
6170 3.264
6180 3.28
6190 3.322
6200 3.31
6210 3.317
6220 3.325
6230 3.328
6240 3.348
6250 3.408
6260 3.368
6270 3.377
6280 3.419
6290 3.423
6300 3.435
6310 3.444
6320 3.442
6330 3.457
6340 3.475
6350 3.486
6360 3.513
6370 3.515
6380 3.525
6390 3.539
6400 3.542
6410 3.546
6420 3.577
6430 3.567
6440 3.596
6450 3.614
6460 3.636
6470 3.636
6480 3.642
6490 3.648
6500 3.666
6510 3.689
6520 3.696
6530 3.723
6540 3.747
6550 3.735
6560 3.756
6570 3.764
6580 3.767
6590 3.81
6600 3.813
6610 3.823
6620 3.817
6630 3.815
6640 3.832
6650 3.853
6660 3.86
6670 3.876
6680 3.895
6690 3.908
6700 3.922
6710 3.921
6720 3.943
6730 3.949
6740 3.964
6750 3.993
6760 3.987
6770 4.012
6780 4.012
6790 4.027
6800 4.039
6810 4.06
6820 4.068
6830 4.081
6840 4.091
6850 4.115
6860 4.106
6870 4.111
6880 4.14
6890 4.143
6900 4.284
6910 4.304
6920 4.213
6930 4.235
6940 4.229
6950 4.254
6960 4.267
6970 4.282
6980 4.296
6990 4.565
7000 4.462
7010 4.484
7020 4.4
7030 4.378
7040 4.384
7050 4.374
7060 4.397
7070 4.383
7080 4.414
7090 4.419
7100 4.443
7110 4.444
7120 4.478
7130 4.515
7140 5.209
7150 5.275
7160 4.707
7170 4.69
7180 4.708
7190 4.745
7200 4.85
7210 4.729
7220 4.658
7230 4.645
7240 4.639
7250 4.645
7260 4.663
7270 4.662
7280 4.696
7290 4.715
7300 4.722
7310 4.717
7320 4.751
7330 4.751
7340 4.772
7350 4.776
7360 5.209
7370 4.993
7380 5.003
7390 4.977
7400 4.907
7410 4.872
7420 4.875
7430 4.876
7440 4.903
7450 4.888
7460 4.934
7470 4.938
7480 4.955
7490 4.95
7500 4.992
7510 5.061
7520 5.235
7530 5.22
7540 5.249
7550 5.188
7560 5.212
7570 5.11
7580 5.097
7590 5.163
7600 5.131
7610 5.142
7620 5.168
7630 5.171
7640 5.176
7650 5.19
7660 5.202
7670 5.413
7680 5.45
7690 5.47
7700 5.474
7710 5.361
7720 5.337
7730 5.31
7740 5.379
7750 5.365
7760 5.362
7770 5.525
7780 6.691
7790 6.247
7800 6.073
7810 6.395
7820 6.698
7830 7.119
7840 7.33
7850 5.546
7860 5.624
7870 5.548
7880 5.553
7890 5.547
7900 5.561
7910 5.569
7920 5.779
7930 5.83
7940 5.853
7950 5.861
7960 5.841
7970 5.732
7980 5.726
7990 5.714
8000 5.701
8010 5.725
8020 5.729
8030 5.745
8040 5.771
8050 5.774
8060 6.131
8070 6.021
8080 6.017
8090 6.195
8100 6.009
8110 5.906
8120 5.891
8130 5.964
8140 5.905
8150 5.944
8160 5.942
8170 5.99
8180 5.997
8190 6.213
8200 6.267
8210 6.249
8220 6.331
8230 6.107
8240 6.074
8250 6.145
8260 6.175
8270 6.144
8280 6.154
8290 6.169
8300 6.179
8310 6.232
8320 6.273
8330 6.349
8340 6.64
8350 6.619
8360 6.709
8370 6.468
8380 6.358
8390 6.338
8400 6.352
8410 6.344
8420 6.377
8430 6.391
8440 6.418
8450 6.416
8460 6.449
8470 6.478
8480 6.674
8490 6.764
8500 6.765
8510 6.755
8520 6.804
8530 6.691
8540 6.606
8550 6.665
8560 6.608
8570 6.653
8580 6.708
8590 6.641
8600 6.809
8610 6.978
8620 7.029
8630 7.012
8640 7.046
8650 6.913
8660 6.81
8670 6.798
8680 6.8
8690 6.794
8700 6.936
8710 6.866
8720 6.857
8730 6.945
8740 6.914
8750 6.959
8760 7.235
8770 7.145
8780 7.04
8790 7.065
8800 7.038
8810 7.106
8820 7.197
8830 7.234
8840 7.308
8850 7.211
8860 7.227
8870 7.296
8880 7.218
8890 7.21
8900 7.212
8910 7.192
8920 7.191
8930 7.239
8940 7.282
8950 7.291
8960 7.307
8970 7.593
8980 7.595
8990 7.534
9000 7.393
9010 7.385
9020 7.383
9030 7.429
9040 7.441
9050 7.478
9060 7.505
9070 7.49
9080 7.5
9090 7.536
9100 7.6
9110 7.895
9120 7.685
9130 7.595
9140 7.61
9150 7.61
9160 7.697
9170 7.749
9180 7.71
9190 7.705
9200 7.722
9210 7.762
9220 7.752
9230 7.785
9240 7.859
9250 7.842
9260 7.891
9270 7.846
9280 7.873
9290 7.901
9300 8.026
9310 7.922
9320 7.949
9330 8.032
9340 8.017
9350 8.062
9360 8.008
9370 8.045
9380 8.125
9390 8.136
9400 8.076
9410 8.498
9420 8.24
9430 8.188
9440 8.378
9450 8.648
9460 8.329
9470 8.316
9480 8.312
9490 8.412
9500 8.331
9510 8.419
9520 8.386
9530 8.349
9540 8.403
9550 8.392
9560 8.373
9570 8.457
9580 8.448
9590 8.436
9600 8.428
9610 8.493
9620 8.539
9630 8.551
9640 8.542
9650 8.582
9660 8.613
9670 8.603
9680 8.632
9690 8.66
9700 8.73
9710 8.686
9720 8.755
9730 8.745
9740 8.746
9750 8.777
9760 8.846
9770 9.579
9780 9.159
9790 8.911
9800 8.881
9810 8.841
9820 8.937
9830 8.883
9840 8.973
9850 9.053
9860 9.028
9870 8.967
9880 9.028
9890 9.323
9900 9.387
9910 9.294
9920 9.226
9930 9.129
9940 9.204
9950 9.16
9960 9.211
9970 9.622
9980 9.903
9990 9.467
