10 0
20 0
30 0
40 0
50 0
60 0
70 0
80 0
90 0
100 0
110 0
120 0
130 0
140 0
150 0
160 0
170 0.001
180 0
190 0
200 0
210 0.001
220 0
230 0.001
240 0.001
250 0
260 0
270 0.001
280 0.001
290 0.001
300 0.001
310 0.002
320 0.001
330 0.001
340 0.001
350 0.002
360 0.002
370 0.001
380 0.002
390 0.002
400 0.002
410 0.002
420 0.002
430 0.002
440 0.003
450 0.002
460 0.002
470 0.003
480 0.003
490 0.003
500 0.004
510 0.003
520 0.003
530 0.004
540 0.004
550 0.004
560 0.004
570 0.004
580 0.005
590 0.005
600 0.005
610 0.006
620 0.005
630 0.005
640 0.005
650 0.006
660 0.005
670 0.006
680 0.006
690 0.007
700 0.006
710 0.006
720 0.007
730 0.007
740 0.007
750 0.007
760 0.007
770 0.008
780 0.008
790 0.008
800 0.008
810 0.009
820 0.009
830 0.016
840 0.014
850 0.01
860 0.01
870 0.011
880 0.01
890 0.011
900 0.014
910 0.014
920 0.012
930 0.011
940 0.012
950 0.013
960 0.014
970 0.014
980 0.014
990 0.014
1000 0.015
1010 0.014
1020 0.015
1030 0.015
1040 0.015
1050 0.016
1060 0.016
1070 0.016
1080 0.017
1090 0.017
1100 0.017
1110 0.018
1120 0.018
1130 0.018
1140 0.018
1150 0.018
1160 0.02
1170 0.018
1180 0.02
1190 0.02
1200 0.021
1210 0.021
1220 0.021
1230 0.021
1240 0.021
1250 0.022
1260 0.023
1270 0.023
1280 0.023
1290 0.023
1300 0.026
1310 0.026
1320 0.025
1330 0.024
1340 0.026
1350 0.026
1360 0.026
1370 0.027
1380 0.027
1390 0.027
1400 0.028
1410 0.028
1420 0.029
1430 0.029
1440 0.029
1450 0.03
1460 0.03
1470 0.03
1480 0.031
1490 0.031
1500 0.032
1510 0.032
1520 0.033
1530 0.033
1540 0.034
1550 0.035
1560 0.035
1570 0.036
1580 0.036
1590 0.037
1600 0.036
1610 0.038
1620 0.048
1630 0.04
1640 0.048
1650 0.041
1660 0.04
1670 0.041
1680 0.042
1690 0.045
1700 0.044
1710 0.05
1720 0.047
1730 0.047
1740 0.048
1750 0.049
1760 0.05
1770 0.051
1780 0.054
1790 0.048
1800 0.048
1810 0.053
1820 0.051
1830 0.051
1840 0.054
1850 0.053
1860 0.054
1870 0.059
1880 0.057
1890 0.059
1900 0.058
1910 0.073
1920 0.077
1930 0.119
1940 0.068
1950 0.059
1960 0.061
1970 0.06
1980 0.069
1990 0.07
2000 0.071
2010 0.064
2020 0.068
2030 0.07
2040 0.07
2050 0.074
2060 0.072
2070 0.071
2080 0.073
2090 0.077
2100 0.076
2110 0.074
2120 0.076
2130 0.076
2140 0.074
2150 0.076
2160 0.077
2170 0.08
2180 0.081
2190 0.082
2200 0.082
2210 0.083
2220 0.088
2230 0.088
2240 0.09
2250 0.089
2260 0.09
2270 0.091
2280 0.089
2290 0.087
2300 0.092
2310 0.102
2320 0.107
2330 0.104
2340 0.105
2350 0.103
2360 0.099
2370 0.099
2380 0.1
2390 0.102
2400 0.099
2410 0.1
2420 0.102
2430 0.104
2440 0.103
2450 0.103
2460 0.102
2470 0.106
2480 0.108
2490 0.108
2500 0.111
2510 0.11
2520 0.111
2530 0.113
2540 0.112
2550 0.119
2560 0.121
2570 0.121
2580 0.126
2590 0.123
2600 0.122
2610 0.125
2620 0.124
2630 0.122
2640 0.127
2650 0.137
2660 0.138
2670 0.136
2680 0.135
2690 0.132
2700 0.134
2710 0.143
2720 0.142
2730 0.139
2740 0.139
2750 0.139
2760 0.187
2770 0.159
2780 0.157
2790 0.156
2800 0.158
2810 0.163
2820 0.173
2830 0.17
2840 0.167
2850 0.159
2860 0.155
2870 0.155
2880 0.153
2890 0.152
2900 0.152
2910 0.152
2920 0.153
2930 0.154
2940 0.157
2950 0.174
2960 0.182
2970 0.178
2980 0.171
2990 0.169
3000 0.168
3010 0.17
3020 0.172
3030 0.172
3040 0.183
3050 0.19
3060 0.188
3070 0.184
3080 0.177
3090 0.178
3100 0.175
3110 0.179
3120 0.179
3130 0.176
3140 0.175
3150 0.178
3160 0.183
3170 0.183
3180 0.185
3190 0.185
3200 0.183
3210 0.185
3220 0.187
3230 0.186
3240 0.188
3250 0.19
3260 0.199
3270 0.196
3280 0.199
3290 0.194
3300 0.197
3310 0.202
3320 0.202
3330 0.2
3340 0.202
3350 0.205
3360 0.211
3370 0.214
3380 0.213
3390 0.21
3400 0.213
3410 0.212
3420 0.216
3430 0.212
3440 0.213
3450 0.252
3460 0.234
3470 0.231
3480 0.224
3490 0.225
3500 0.227
3510 0.228
3520 0.229
3530 0.232
3540 0.236
3550 0.235
3560 0.236
3570 0.238
3580 0.238
3590 0.241
3600 0.245
3610 0.244
3620 0.247
3630 0.249
3640 0.249
3650 0.251
3660 0.254
3670 0.253
3680 0.256
3690 0.258
3700 0.254
3710 0.261
3720 0.264
3730 0.262
3740 0.267
3750 0.267
3760 0.27
3770 0.272
3780 0.274
3790 0.275
3800 0.275
3810 0.288
3820 0.279
3830 0.279
3840 0.281
3850 0.282
3860 0.286
3870 0.292
3880 0.283
3890 0.291
3900 0.291
3910 0.288
3920 0.298
3930 0.303
3940 0.304
3950 0.303
3960 0.305
3970 0.311
3980 0.318
3990 0.315
4000 0.312
4010 0.315
4020 0.317
4030 0.317
4040 0.328
4050 0.325
4060 0.323
4070 0.329
4080 0.331
4090 0.327
4100 0.327
4110 0.327
4120 0.332
4130 0.337
4140 0.337
4150 0.339
4160 0.334
4170 0.342
4180 0.343
4190 0.342
4200 0.348
4210 0.342
4220 0.346
4230 0.344
4240 0.348
4250 0.345
4260 0.351
4270 0.352
4280 0.353
4290 0.364
4300 0.373
4310 0.372
4320 0.414
4330 0.447
4340 0.418
4350 0.401
4360 0.386
4370 0.378
4380 0.404
4390 0.413
4400 0.387
4410 0.39
4420 0.391
4430 0.39
4440 0.384
4450 0.394
4460 0.395
4470 0.414
4480 0.387
4490 0.407
4500 0.451
4510 0.399
4520 0.4
4530 0.393
4540 0.396
4550 0.4
4560 0.399
4570 0.401
4580 0.404
4590 0.405
4600 0.405
4610 0.409
4620 0.41
4630 0.412
4640 0.415
4650 0.416
4660 0.416
4670 0.42
4680 0.419
4690 0.419
4700 0.426
4710 0.428
4720 0.428
4730 0.433
4740 0.432
4750 0.433
4760 0.44
4770 0.44
4780 0.447
4790 0.446
4800 0.447
4810 0.486
4820 0.457
4830 0.455
4840 0.455
4850 0.467
4860 0.471
4870 0.458
4880 0.461
4890 0.462
4900 0.462
4910 0.466
4920 0.468
4930 0.506
4940 0.488
4950 0.478
4960 0.488
4970 0.48
4980 0.495
4990 0.486
5000 0.492
5010 0.5
5020 0.505
5030 0.519
5040 0.5
5050 0.49
5060 0.499
5070 0.5
5080 0.498
5090 0.502
5100 0.503
5110 0.507
5120 0.511
5130 0.539
5140 0.511
5150 0.512
5160 0.515
5170 0.517
5180 0.52
5190 0.519
5200 0.521
5210 0.525
5220 0.523
5230 0.528
5240 0.537
5250 0.545
5260 0.553
5270 0.542
5280 0.559
5290 0.546
5300 0.558
5310 0.551
5320 0.547
5330 0.55
5340 0.554
5350 0.563
5360 0.569
5370 0.561
5380 0.564
5390 0.567
5400 0.57
5410 0.575
5420 0.58
5430 0.595
5440 0.593
5450 0.603
5460 0.594
5470 0.605
5480 0.648
5490 0.655
5500 0.66
5510 0.63
5520 0.608
5530 0.608
5540 0.61
5550 0.617
5560 0.622
5570 0.634
5580 0.635
5590 0.641
5600 0.638
5610 0.643
5620 0.638
5630 0.638
5640 0.931
5650 0.815
5660 0.656
5670 0.625
5680 0.624
5690 0.647
5700 0.626
5710 0.629
5720 0.634
5730 0.638
5740 0.641
5750 0.642
5760 0.64
5770 0.692
5780 0.666
5790 0.687
5800 0.659
5810 0.655
5820 0.656
5830 0.677
5840 0.676
5850 0.665
5860 0.677
5870 0.672
5880 0.668
5890 0.675
5900 0.678
5910 0.681
5920 0.681
5930 0.682
5940 0.688
5950 0.698
5960 0.691
5970 0.69
5980 0.696
5990 0.693
6000 0.692
6010 0.7
6020 0.717
6030 0.707
6040 0.708
6050 0.726
6060 0.719
6070 0.718
6080 0.734
6090 0.787
6100 0.723
6110 0.732
6120 0.738
6130 0.729
6140 0.73
6150 0.736
6160 0.738
6170 0.738
6180 0.745
6190 0.747
6200 0.75
6210 0.755
6220 0.792
6230 0.82
6240 0.783
6250 0.828
6260 0.908
6270 0.885
6280 0.813
6290 0.835
6300 0.802
6310 0.946
6320 0.897
6330 0.915
6340 0.919
6350 0.913
6360 0.93
6370 0.868
6380 0.978
6390 1.031
6400 0.957
6410 1.097
6420 1.078
6430 1.036
6440 1.001
6450 0.954
6460 0.954
6470 0.983
6480 0.989
6490 0.947
6500 0.965
6510 0.919
6520 0.878
6530 0.915
6540 0.929
6550 0.911
6560 0.871
6570 0.882
6580 0.899
6590 0.909
6600 0.9
6610 0.923
6620 0.884
6630 0.886
6640 0.927
6650 0.888
6660 0.886
6670 0.89
6680 0.89
6690 0.891
6700 0.892
6710 0.904
6720 0.943
6730 0.907
6740 0.916
6750 0.916
6760 0.926
6770 0.92
6780 0.934
6790 0.958
6800 0.963
6810 0.957
6820 0.936
6830 0.945
6840 0.987
6850 0.98
6860 0.958
6870 1.061
6880 0.977
6890 1.021
6900 0.966
6910 0.993
6920 0.977
6930 0.973
6940 0.994
6950 0.978
6960 0.995
6970 0.991
6980 0.989
6990 0.997
7000 0.991
7010 0.994
7020 0.996
7030 1.008
7040 1.038
7050 1.01
7060 1.013
7070 1.034
7080 1.036
7090 1.023
7100 1.022
7110 1.027
7120 1.108
7130 1.093
7140 1.063
7150 1.062
7160 1.067
7170 1.072
7180 1.073
7190 1.088
7200 1.087
7210 1.084
7220 1.092
7230 1.093
7240 1.101
7250 1.094
7260 1.123
7270 1.202
7280 1.126
7290 1.252
7300 1.225
7310 1.19
7320 1.155
7330 1.215
7340 1.219
7350 1.125
7360 1.227
7370 1.16
7380 1.255
7390 1.259
7400 1.221
7410 1.407
7420 1.262
7430 1.178
7440 1.27
7450 1.214
7460 1.209
7470 1.176
7480 1.176
7490 1.166
7500 1.168
7510 1.168
7520 1.175
7530 1.179
7540 1.183
7550 1.186
7560 1.185
7570 1.194
7580 1.197
7590 1.197
7600 1.219
7610 1.215
7620 1.226
7630 1.324
7640 1.283
7650 1.429
7660 1.292
7670 1.248
7680 1.256
7690 1.274
7700 1.26
7710 1.273
7720 1.28
7730 1.284
7740 1.293
7750 1.306
7760 1.294
7770 1.296
7780 1.294
7790 1.306
7800 1.304
7810 1.328
7820 1.323
7830 1.315
7840 1.289
7850 1.297
7860 1.293
7870 1.294
7880 1.306
7890 1.304
7900 1.308
7910 1.316
7920 1.319
7930 1.322
7940 1.328
7950 1.327
7960 1.337
7970 1.333
7980 1.338
7990 1.343
8000 1.351
8010 1.357
8020 1.36
8030 1.365
8040 1.363
8050 1.368
8060 1.375
8070 1.393
8080 1.385
8090 1.388
8100 1.397
8110 1.399
8120 1.397
8130 1.394
8140 1.407
8150 1.403
8160 1.419
8170 1.416
8180 1.423
8190 1.422
8200 1.429
8210 1.44
8220 1.432
8230 1.443
8240 1.443
8250 1.446
8260 1.446
8270 1.457
8280 1.457
8290 1.459
8300 1.466
8310 1.466
8320 1.473
8330 1.472
8340 1.478
8350 1.48
8360 1.508
8370 1.49
8380 1.494
8390 1.491
8400 1.497
8410 1.502
8420 1.502
8430 1.504
8440 1.511
8450 1.512
8460 1.522
8470 1.518
8480 1.523
8490 1.525
8500 1.531
8510 1.535
8520 1.553
8530 1.538
8540 1.551
8550 1.552
8560 1.556
8570 1.56
8580 1.565
8590 1.563
8600 1.578
8610 1.573
8620 1.583
8630 1.58
8640 1.583
8650 1.583
8660 1.59
8670 1.587
8680 1.596
8690 1.596
8700 1.609
8710 1.599
8720 1.613
8730 1.647
8740 1.629
8750 1.62
8760 1.643
8770 1.639
8780 1.643
8790 1.64
8800 1.643
8810 1.641
8820 1.647
8830 1.66
8840 1.66
8850 1.66
8860 1.664
8870 1.662
8880 1.675
8890 1.682
8900 1.682
8910 1.685
8920 1.702
8930 1.694
8940 1.704
8950 1.703
8960 1.708
8970 1.708
8980 1.717
8990 1.714
9000 1.724
9010 1.72
9020 1.732
9030 1.73
9040 1.731
9050 1.733
9060 1.746
9070 1.74
9080 1.749
9090 1.745
9100 1.755
9110 1.761
9120 1.771
9130 1.772
9140 1.782
9150 1.776
9160 1.784
9170 1.787
9180 1.8
9190 1.796
9200 1.795
9210 1.798
9220 1.811
9230 1.798
9240 1.803
9250 1.805
9260 1.819
9270 1.818
9280 1.92
9290 2.019
9300 1.902
9310 1.914
9320 1.851
9330 1.847
9340 1.859
9350 1.887
9360 1.946
9370 1.857
9380 1.907
9390 1.867
9400 1.872
9410 1.876
9420 1.891
9430 1.905
9440 1.897
9450 1.897
9460 1.92
9470 1.91
9480 1.934
9490 1.911
9500 1.927
9510 1.922
9520 1.939
9530 1.935
9540 1.949
9550 1.936
9560 1.978
9570 1.959
9580 1.992
9590 1.987
9600 1.981
9610 2.052
9620 2.005
9630 1.958
9640 1.979
9650 1.97
9660 1.992
9670 2.022
9680 2.006
9690 1.992
9700 2.011
9710 1.996
9720 2.009
9730 2.01
9740 2.025
9750 2.019
9760 2.025
9770 2.027
9780 2.027
9790 2.029
9800 2.046
9810 2.039
9820 2.05
9830 2.053
9840 2.057
9850 2.058
9860 2.071
9870 2.064
9880 2.067
9890 2.067
9900 2.118
9910 2.19
9920 2.15
9930 2.119
9940 2.125
9950 2.176
9960 2.217
9970 2.218
9980 2.147
9990 2.151
