10 0
20 0
30 0
40 0
50 0.001
60 0
70 0
80 0
90 0
100 0
110 0
120 0
130 0.001
140 0
150 0.001
160 0.001
170 0
180 0.001
190 0.001
200 0.001
210 0.001
220 0.001
230 0.001
240 0.001
250 0.002
260 0.002
270 0.002
280 0.002
290 0.002
300 0.002
310 0.003
320 0.003
330 0.003
340 0.003
350 0.003
360 0.004
370 0.004
380 0.004
390 0.004
400 0.005
410 0.005
420 0.004
430 0.006
440 0.005
450 0.006
460 0.006
470 0.006
480 0.007
490 0.006
500 0.008
510 0.007
520 0.008
530 0.008
540 0.008
550 0.009
560 0.009
570 0.01
580 0.01
590 0.009
600 0.01
610 0.009
620 0.011
630 0.011
640 0.012
650 0.012
660 0.013
670 0.012
680 0.013
690 0.013
700 0.013
710 0.014
720 0.015
730 0.015
740 0.015
750 0.015
760 0.016
770 0.018
780 0.016
790 0.018
800 0.019
810 0.018
820 0.019
830 0.019
840 0.02
850 0.02
860 0.021
870 0.022
880 0.022
890 0.023
900 0.025
910 0.025
920 0.026
930 0.027
940 0.026
950 0.026
960 0.028
970 0.028
980 0.03
990 0.029
1000 0.03
1010 0.029
1020 0.036
1030 0.036
1040 0.035
1050 0.038
1060 0.036
1070 0.036
1080 0.042
1090 0.038
1100 0.039
1110 0.039
1120 0.041
1130 0.039
1140 0.042
1150 0.04
1160 0.044
1170 0.042
1180 0.043
1190 0.042
1200 0.045
1210 0.046
1220 0.044
1230 0.045
1240 0.047
1250 0.047
1260 0.05
1270 0.049
1280 0.053
1290 0.051
1300 0.053
1310 0.052
1320 0.056
1330 0.054
1340 0.054
1350 0.056
1360 0.055
1370 0.058
1380 0.059
1390 0.058
1400 0.059
1410 0.063
1420 0.068
1430 0.064
1440 0.065
1450 0.066
1460 0.069
1470 0.074
1480 0.077
1490 0.071
1500 0.08
1510 0.082
1520 0.087
1530 0.076
1540 0.081
1550 0.082
1560 0.084
1570 0.086
1580 0.091
1590 0.087
1600 0.088
1610 0.086
1620 0.084
1630 0.083
1640 0.092
1650 0.084
1660 0.091
1670 0.09
1680 0.088
1690 0.092
1700 0.094
1710 0.095
1720 0.091
1730 0.094
1740 0.096
1750 0.101
1760 0.095
1770 0.099
1780 0.097
1790 0.099
1800 0.099
1810 0.105
1820 0.104
1830 0.109
1840 0.106
1850 0.116
1860 0.11
1870 0.112
1880 0.119
1890 0.112
1900 0.114
1910 0.116
1920 0.116
1930 0.128
1940 0.118
1950 0.12
1960 0.127
1970 0.125
1980 0.125
1990 0.13
2000 0.128
2010 0.137
2020 0.138
2030 0.131
2040 0.13
2050 0.133
2060 0.134
2070 0.141
2080 0.145
2090 0.146
2100 0.142
2110 0.15
2120 0.151
2130 0.16
2140 0.153
2150 0.151
2160 0.166
2170 0.148
2180 0.156
2190 0.16
2200 0.159
2210 0.157
2220 0.167
2230 0.163
2240 0.167
2250 0.178
2260 0.177
2270 0.173
2280 0.172
2290 0.181
2300 0.179
2310 0.18
2320 0.179
2330 0.188
2340 0.179
2350 0.184
2360 0.194
2370 0.184
2380 0.187
2390 0.193
2400 0.215
2410 0.196
2420 0.202
2430 0.204
2440 0.2
2450 0.207
2460 0.206
2470 0.2
2480 0.208
2490 0.213
2500 0.223
2510 0.218
2520 0.22
2530 0.216
2540 0.241
2550 0.223
2560 0.238
2570 0.249
2580 0.235
2590 0.236
2600 0.244
2610 0.232
2620 0.242
2630 0.252
2640 0.243
2650 0.25
2660 0.248
2670 0.245
2680 0.26
2690 0.276
2700 0.265
2710 0.26
2720 0.262
2730 0.257
2740 0.269
2750 0.268
2760 0.278
2770 0.28
2780 0.284
2790 0.283
2800 0.29
2810 0.292
2820 0.298
2830 0.3
2840 0.291
2850 0.284
2860 0.304
2870 0.3
2880 0.295
2890 0.298
2900 0.303
2910 0.305
2920 0.301
2930 0.303
2940 0.328
2950 0.313
2960 0.328
2970 0.323
2980 0.324
2990 0.333
3000 0.354
3010 0.328
3020 0.353
3030 0.333
3040 0.364
3050 0.33
3060 0.349
3070 0.362
3080 0.346
3090 0.341
3100 0.359
3110 0.379
3120 0.453
3130 0.357
3140 0.397
3150 0.38
3160 0.406
3170 0.368
3180 0.393
3190 0.385
3200 0.389
3210 0.385
3220 0.528
3230 0.497
3240 0.468
3250 0.585
3260 0.631
3270 0.53
3280 0.447
3290 0.45
3300 0.439
3310 0.555
3320 0.515
3330 0.528
3340 0.492
3350 0.491
3360 0.44
3370 0.569
3380 0.508
3390 0.535
3400 0.496
3410 0.503
3420 0.494
3430 0.463
3440 0.508
3450 0.469
3460 0.513
3470 0.552
3480 0.483
3490 0.514
3500 0.505
3510 0.508
3520 0.475
3530 0.5
3540 0.503
3550 0.523
3560 0.546
3570 0.537
3580 0.539
3590 0.544
3600 0.555
3610 0.52
3620 0.563
3630 0.645
3640 0.555
3650 0.54
3660 0.576
3670 0.563
3680 0.564
3690 0.593
3700 0.597
3710 0.565
3720 0.558
3730 0.612
3740 0.58
3750 0.548
3760 0.577
3770 0.574
3780 0.573
3790 0.566
3800 0.555
3810 0.584
3820 0.567
3830 0.626
3840 0.583
3850 0.624
3860 0.622
3870 0.68
3880 0.595
3890 0.667
3900 0.604
3910 0.629
3920 0.802
3930 1.073
3940 0.935
3950 0.876
3960 0.936
3970 0.927
3980 0.843
3990 0.89
4000 0.929
4010 0.994
4020 0.909
4030 0.875
4040 0.814
4050 0.715
4060 0.69
4070 0.686
4080 0.779
4090 0.836
4100 1.052
4110 1.133
4120 0.884
4130 1.137
4140 0.975
4150 0.967
4160 0.856
4170 0.979
4180 0.855
4190 1.051
4200 0.935
4210 0.875
4220 0.907
4230 0.805
4240 0.967
4250 0.826
4260 0.84
4270 0.82
4280 0.918
4290 0.898
4300 0.825
4310 0.898
4320 0.865
4330 0.926
4340 0.807
4350 0.867
4360 0.813
4370 0.872
4380 0.958
4390 0.817
4400 0.828
4410 0.853
4420 0.97
4430 0.919
4440 0.878
4450 0.882
4460 0.976
4470 0.879
4480 0.84
4490 0.841
4500 0.877
4510 1.056
4520 0.955
4530 0.985
4540 1.01
4550 1.12
4560 0.979
4570 0.965
4580 0.962
4590 1.193
4600 0.942
4610 0.972
4620 1.013
4630 1.145
4640 0.977
4650 0.979
4660 0.939
4670 0.893
4680 0.889
4690 0.918
4700 0.949
4710 0.921
4720 0.906
4730 0.959
4740 1.195
4750 1.296
4760 1.25
4770 1.275
4780 1.122
4790 1.11
4800 1.15
4810 1.283
4820 1.26
4830 1.178
4840 1.436
4850 1.138
4860 1.237
4870 1.425
4880 1.291
4890 1.45
4900 1.282
4910 1.376
4920 1.31
4930 1.367
4940 1.519
4950 1.403
4960 1.223
4970 1.145
4980 1.216
4990 1.307
5000 1.218
5010 1.175
5020 1.3
5030 1.252
5040 1.215
5050 1.433
5060 1.275
5070 1.22
5080 1.376
5090 1.23
5100 1.269
5110 1.412
5120 1.199
5130 1.235
5140 1.336
5150 1.338
5160 1.226
5170 1.348
5180 1.292
5190 1.257
5200 1.388
5210 1.294
5220 1.269
5230 1.282
5240 1.45
5250 1.374
5260 1.417
5270 1.369
5280 1.392
5290 1.533
5300 1.407
5310 1.339
5320 1.536
5330 1.362
5340 1.331
5350 1.504
5360 1.435
5370 1.326
5380 1.568
5390 1.377
5400 1.356
5410 1.535
5420 1.376
5430 1.649
5440 1.35
5450 1.364
5460 1.504
5470 1.501
5480 1.389
5490 1.73
5500 1.427
5510 1.744
5520 1.787
5530 1.821
5540 1.596
5550 1.411
5560 1.544
5570 1.478
5580 1.565
5590 1.563
5600 1.585
5610 1.761
5620 2.273
5630 2.351
5640 1.981
5650 1.734
5660 1.499
5670 1.677
5680 1.524
5690 1.573
5700 1.721
5710 1.598
5720 1.64
5730 1.625
5740 1.564
5750 1.736
5760 1.63
5770 1.915
5780 1.593
5790 1.744
5800 1.802
5810 1.657
5820 1.868
5830 1.626
5840 1.851
5850 1.679
5860 1.926
5870 1.77
5880 1.923
5890 1.676
5900 1.743
5910 1.951
5920 1.659
5930 1.898
5940 1.635
5950 1.994
5960 1.716
5970 1.842
5980 1.751
5990 1.914
6000 1.811
6010 1.742
6020 2.117
6030 1.937
6040 1.957
6050 1.828
6060 2.026
6070 1.822
6080 1.906
6090 1.746
6100 1.923
6110 1.833
6120 2.113
6130 1.796
6140 2.015
6150 2.006
6160 2.036
6170 1.949
6180 1.987
6190 1.837
6200 1.76
6210 1.709
6220 1.919
6230 2.399
6240 2.102
6250 2.148
6260 2.034
6270 2.178
6280 2.176
6290 2.028
6300 1.991
6310 2.057
6320 2.136
6330 2.05
6340 2.175
6350 2.06
6360 2.167
6370 2.027
6380 2.174
6390 2.001
6400 2.203
6410 2.094
6420 2.381
6430 2.13
6440 2.17
6450 2.354
6460 2.083
6470 2.14
6480 2.112
6490 2.172
6500 2.025
6510 2.34
6520 2.184
6530 2.249
6540 2.164
6550 2.422
6560 2.329
6570 2.005
6580 2.235
6590 2.238
6600 2.263
6610 2.135
6620 2.277
6630 2.221
6640 2.409
6650 2.39
6660 2.156
6670 2.311
6680 2.213
6690 2.273
6700 2.341
6710 2.383
6720 2.356
6730 2.339
6740 2.418
6750 2.344
6760 2.358
6770 2.367
6780 2.296
6790 2.401
6800 2.287
6810 2.317
6820 2.154
6830 2.591
6840 2.389
6850 2.211
6860 2.474
6870 2.472
6880 2.512
6890 2.506
6900 2.513
6910 2.436
6920 2.57
6930 2.46
6940 2.626
6950 2.657
6960 2.59
6970 2.47
6980 2.492
6990 2.469
7000 2.533
7010 2.518
7020 2.576
7030 2.662
7040 2.4
7050 2.543
7060 2.581
7070 2.408
7080 2.771
7090 2.314
7100 2.308
7110 2.413
7120 2.222
7130 2.412
7140 2.431
7150 2.342
7160 2.29
7170 2.163
7180 2.267
7190 2.322
7200 2.306
7210 2.234
7220 2.256
7230 2.329
7240 2.238
7250 2.355
7260 2.293
7270 2.234
7280 2.384
7290 2.458
7300 2.234
7310 2.446
7320 2.421
7330 2.342
7340 2.382
7350 2.369
7360 2.39
7370 2.374
7380 2.467
7390 2.394
7400 2.445
7410 2.396
7420 2.919
7430 3.87
7440 4.167
7450 3.301
7460 3.031
7470 3.015
7480 3.224
7490 3.355
7500 3.174
7510 3.228
7520 3.01
7530 2.991
7540 2.847
7550 2.644
7560 2.418
7570 2.601
7580 2.521
7590 2.61
7600 2.888
7610 2.849
7620 2.552
7630 2.604
7640 2.522
7650 2.603
7660 2.538
7670 2.751
7680 2.778
7690 2.616
7700 2.705
7710 2.652
7720 2.665
7730 2.827
7740 2.95
7750 3.251
7760 3.342
7770 2.887
7780 2.8
7790 2.898
7800 2.794
7810 2.835
7820 2.769
7830 2.841
7840 2.791
7850 2.779
7860 2.734
7870 2.946
7880 3.433
7890 3.52
7900 3.322
7910 3.156
7920 3.197
7930 3.036
7940 3.246
7950 3.508
7960 3.619
7970 3.458
7980 3.626
7990 3.583
8000 3.288
8010 3.44
8020 3.386
8030 3.301
8040 3.528
8050 3.536
8060 3.62
8070 3.46
8080 3.58
8090 3.697
8100 3.661
8110 3.707
8120 3.787
8130 3.679
8140 3.608
8150 3.609
8160 3.52
8170 3.414
8180 3.53
8190 3.356
8200 3.737
8210 3.564
8220 3.631
8230 3.834
8240 4.194
8250 3.866
8260 3.912
8270 3.831
8280 3.832
8290 3.739
8300 3.765
8310 3.601
8320 3.538
8330 3.923
8340 4.092
8350 4.508
8360 4.353
8370 4.064
8380 4.12
8390 3.844
8400 3.732
8410 3.771
8420 3.988
8430 3.795
8440 3.765
8450 3.84
8460 4.019
8470 3.79
8480 3.67
8490 4.005
8500 3.985
8510 4.224
8520 4.128
8530 4.209
8540 4.295
8550 4.221
8560 4.119
8570 4.53
8580 4.198
8590 4.139
8600 3.967
8610 3.823
8620 4.103
8630 3.924
8640 3.963
8650 4.012
8660 4.077
8670 4.241
8680 4.36
8690 4.242
8700 4.27
8710 4.621
8720 4.221
8730 4.204
8740 4.195
8750 3.902
8760 4.328
8770 4.27
8780 4.07
8790 4.141
8800 4.401
8810 4.243
8820 4.216
8830 4.31
8840 4.828
8850 4.567
8860 4.477
8870 4.425
8880 4.251
8890 4.234
8900 4.335
8910 4.282
8920 4.169
8930 4.237
8940 4.514
8950 4.395
8960 4.261
8970 4.882
8980 4.798
8990 4.92
9000 4.788
9010 4.824
9020 4.575
9030 4.362
9040 4.177
9050 4.619
9060 4.539
9070 4.496
9080 4.554
9090 4.605
9100 4.599
9110 4.632
9120 5.075
9130 5.219
9140 4.749
9150 4.616
9160 4.358
9170 4.615
9180 4.466
9190 4.643
9200 4.673
9210 4.587
9220 4.657
9230 4.768
9240 4.99
9250 5.153
9260 4.99
9270 4.796
9280 4.751
9290 4.579
9300 4.682
9310 4.915
9320 4.953
9330 5.061
9340 5.04
9350 4.939
9360 5.151
9370 5.898
9380 4.918
9390 4.503
9400 4.561
9410 4.914
9420 5.249
9430 4.893
9440 5.044
9450 5.238
9460 5.314
9470 5.194
9480 5.504
9490 5.267
9500 5.176
9510 5.147
9520 4.831
9530 4.761
9540 5.156
9550 5.093
9560 5.074
9570 5.158
9580 5.606
9590 5.764
9600 5.315
9610 5.706
9620 5.351
9630 4.885
9640 5.049
9650 5.136
9660 5.296
9670 5.243
9680 5.543
9690 5.368
9700 5.629
9710 5.908
9720 5.923
9730 5.287
9740 5.319
9750 5.504
9760 5.471
9770 5.25
9780 5.493
9790 5.252
9800 5.751
9810 5.581
9820 5.872
9830 5.926
9840 5.963
9850 5.501
9860 5.295
9870 5.417
9880 5.208
9890 5.483
9900 5.452
9910 5.768
9920 5.941
9930 5.863
9940 5.775
9950 5.999
9960 5.868
9970 5.809
9980 5.35
9990 5.348
