10 0
20 0
30 0
40 0
50 0
60 0
70 0
80 0
90 0.015625
100 0
110 0
120 0.015625
130 0
140 0.015625
150 0.015625
160 0.015625
170 0.015625
180 0.015625
190 0.03125
200 0.03125
210 0.03125
220 0.046875
230 0.046875
240 0.046875
250 0.0625
260 0.078125
270 0.0625
280 0.09375
290 0.09375
300 0.109375
310 0.109375
320 0.125
330 0.15625
340 0.140625
350 0.15625
360 0.1875
370 0.203125
380 0.21875
390 0.25
400 0.265625
410 0.265625
420 0.296875
430 0.34375
440 0.359375
450 0.390625
460 0.390625
470 0.40625
480 0.453125
490 0.453125
500 0.5
510 0.546875
520 0.53125
530 0.59375
540 0.65625
550 0.640625
560 0.65625
570 0.703125
580 0.78125
590 0.796875
600 0.84375
610 0.84375
620 0.890625
630 0.984375
640 1
650 1.03125
660 1.07812
670 1.10938
680 1.17188
690 1.21875
700 1.34375
710 1.375
720 1.40625
730 1.45312
740 1.5
750 1.57812
760 1.64062
770 1.70312
780 1.76562
790 1.85938
800 1.92188
810 1.98438
820 2.26562
830 2.375
840 2.4375
850 2.5625
860 2.64062
870 2.79688
880 2.92188
890 2.73438
900 2.95312
910 3.15625
920 3.125
930 3.25
940 3.42188
950 3.45312
960 3.625
970 3.75
980 3.89062
990 3.73438
1000 3.78125
1010 3.9375
1020 4.1875
1030 4.48438
1040 4.71875
1050 4.875
1060 4.84375
1070 4.82812
1080 5.1875
1090 5.73438
1100 5.5
1110 5.9375
1120 5.92188
1130 6.04688
1140 6.07812
1150 6.28125
1160 6.57812
1170 6.29688
1180 6.73438
1190 7.15625
1200 7.1875
1210 7.57812
1220 8.09375
1230 7.85938
1240 8.15625
1250 8.35938
1260 9.51562
1270 9
1280 8.92188
1290 9
1300 9.75
1310 10.2812
1320 10.4688
1330 11.0312
1340 10.8438
1350 10.5156
1360 11.3281
1370 11.5312
1380 11.5625
1390 13.2031
1400 12.7031
1410 12.4531
1420 13.8281
1430 12.9062
1440 14.6094
1450 13.875
1460 14.625
1470 14.0625
1480 15.7188
1490 16.4062
1500 16.25
1510 16.2812
1520 17.2656
1530 16.6406
1540 16.7812
1550 16.5156
1560 18.4844
1570 19.2188
1580 19.7188
1590 18.5312
1600 18.2812
1610 18.4688
1620 19.5312
1630 19.1094
1640 19.9062
1650 19.9375
1660 21.2188
1670 20.8594
1680 21.5625
1690 21.6719
1700 23.0938
1710 23.1406
1720 23.6094
1730 23.4531
1740 25.1562
1750 27.0781
1760 29.75
1770 29.5781
1780 31.9062
1790 27.1875
1800 28.2188
1810 29.4062
1820 31.2969
1830 30.8438
1840 30.4219
1850 31.7344
1860 35.8594
1870 36.1719
1880 36.125
1890 35.7812
1900 33.7656
1910 32.9219
1920 33.5625
1930 38.2188
1940 42.6875
1950 46.7188
1960 64.2344
1970 37.7344
1980 38.7656
1990 37.125
2000 39.5625
2010 38.0312
2020 39.9688
2030 39.25
2040 40.6094
2050 40.5469
2060 42.75
2070 41.875
2080 43.3125
2090 43.2188
2100 45.3125
2110 44.6094
2120 46.2031
2130 46.125
2140 48.0625
2150 47.5156
2160 49.0312
2170 49.0156
2180 51.0312
2190 50.3594
2200 51.8906
2210 51.8125
2220 54.0312
2230 53.4219
2240 55.2188
2250 54.9844
2260 57.0781
2270 56.4688
2280 58.0781
2290 58.0469
2300 60.3281
2310 59.7188
2320 61.5312
2330 61.2812
2340 63.5938
2350 62.8906
2360 64.6562
2370 64.6094
2380 67.1719
2390 66.375
2400 68.4062
2410 68.1875
2420 70.6094
2430 69.9219
2440 71.8281
2450 71.75
2460 74.2656
2470 73.6406
2480 75.7969
2490 81
2500 84.0938
2510 83.5312
2520 83.7812
2530 80
2540 82.5312
2550 81.7812
2560 84.0781
2570 83.9219
2580 86.3906
2590 85.6719
2600 88.2188
2610 87.8281
2620 90.6406
2630 90.4219
2640 92.2812
2650 92.125
2660 94.9062
2670 95.8438
2680 107.312
2690 107.547
2700 114.891
2710 125.016
2720 120.438
2730 120.406
2740 145.203
2750 125.172
2760 125.953
2770 121.062
2780 131.312
2790 130.297
2800 133.188
2810 133.234
2820 131.953
2830 133.891
2840 141.812
2850 133.516
2860 147.625
2870 149.438
2880 144.266
2890 153.328
2900 163.172
2910 223.375
2920 224.203
2930 216.234
2940 240.984
2950 235.109
2960 239.406
2970 239.484
2980 254.031
2990 228.359
3000 149.203
3010 141.188
3020 139.547
3030 139.703
3040 142.656
3050 142.109
3060 145.312
3070 144.859
3080 148.266
3090 147.734
3100 151.172
3110 150.891
3120 154.547
3130 153.906
3140 157.141
3150 159.453
3160 161.688
3170 164.25
3180 165.578
3190 164.953
3200 168.203
3210 167.719
3220 170.672
3230 171.531
3240 175.359
3250 173.781
3260 177.906
3270 177.391
3280 181.797
3290 180.922
3300 187.516
3310 212.484
3320 215.953
3330 214.438
3340 218.156
3350 211.656
3360 211.047
3370 210.469
3380 214.234
3390 209.359
3400 214.953
3410 217.422
3420 209.031
3430 206.5
3440 222.641
3450 240.562
3460 238.375
3470 236.812
3480 242.5
3490 245.266
3500 248.141
3510 249.453
3520 256.297
3530 260.953
3540 250.297
3550 233.359
3560 231.984
3570 230.938
3580 234.656
3590 234.75
3600 239.562
3610 238.469
3620 242.266
3630 242.266
3640 254.234
3650 250.375
3660 251.328
3670 251.953
3680 258.484
3690 255.922
3700 259.875
3710 260.672
3720 265.484
3730 264.781
3740 268.672
3750 268.922
3760 276.547
