2048 0.03125
3048 0.078125
4048 0.125
5048 0.21875
6048 0.28125
7048 0.40625
8048 0.515625
9048 0.65625
10048 0.8125
11048 0.984375
12048 1.15625
13048 1.35938
14048 1.57812
15048 1.875
16048 2.1875
17048 2.39062
18048 2.65625
19048 2.90625
20048 3.23438
21048 3.51562
22048 3.90625
23048 4.29688
24048 4.70312
25048 5.0625
26048 5.46875
27048 6.04688
28048 6.4375
29048 6.8125
30048 7.6875
31048 8.35938
32048 8.51562
33048 9.29688
34048 9.92188
35048 10.1719
36048 10.875
37048 11.5938
38048 11.7344
39048 12.7031
40048 13.4531
41048 14.7812
