100 0
110 0
120 0
130 0
140 0
150 0
160 0
170 0
180 0
190 0
200 0
210 0
220 0
230 0
240 0
250 0
260 0
270 0
280 0
290 0
300 0
310 0
320 0
330 0
340 0
350 0
360 0
370 0
380 0
390 0
400 0
410 0
420 0
430 0
440 0
450 0
460 0
470 0
480 0
490 0
500 0
510 0
520 0
530 0
540 0
550 0
560 0
570 0
580 0
590 0
600 0
610 0
620 0
630 0
640 0
650 0
660 0
670 0
680 0
690 0
700 0
710 0
720 0
730 0
740 0
750 0
760 0
770 0
780 0
790 0
800 0
810 0
820 0
830 0
840 0
850 0
860 0
870 0
880 0
890 0
900 0
910 0
920 0
930 0
940 0
950 0
960 0
970 0
980 0.015625
990 0
1000 0
1010 0
1020 0
1030 0
1040 0
1050 0
1060 0
1070 0
1080 0
1090 0
1100 0
1110 0
1120 0
1130 0
1140 0
1150 0
1160 0
1170 0
1180 0
1190 0
1200 0
1210 0
1220 0
1230 0
1240 0
1250 0
1260 0
1270 0
1280 0
1290 0
1300 0
1310 0
1320 0.015625
1330 0
1340 0
1350 0
1360 0
1370 0
1380 0
1390 0
1400 0
1410 0
1420 0
1430 0
1440 0
1450 0
1460 0
1470 0
1480 0
1490 0
1500 0
1510 0
1520 0
1530 0
1540 0
1550 0
1560 0
1570 0
1580 0
1590 0
1600 0
1610 0.015625
1620 0
1630 0
1640 0
1650 0
1660 0
1670 0
1680 0
1690 0
1700 0
1710 0
1720 0
1730 0
1740 0
1750 0
1760 0
1770 0
1780 0
1790 0
1800 0
1810 0
1820 0
1830 0
1840 0.015625
1850 0
1860 0
1870 0
1880 0
1890 0
1900 0
1910 0
1920 0
1930 0
1940 0
1950 0
1960 0
1970 0
1980 0
1990 0
2000 0
2010 0
2020 0
2030 0
2040 0
2050 0
2060 0.015625
2070 0
2080 0
2090 0
2100 0
2110 0
2120 0
2130 0
2140 0
2150 0
2160 0
2170 0
2180 0
2190 0
2200 0
2210 0
2220 0
2230 0
2240 0
2250 0
2260 0.015625
2270 0
2280 0
2290 0
2300 0
2310 0
2320 0
2330 0
2340 0
2350 0
2360 0
2370 0
2380 0
2390 0
2400 0
2410 0
2420 0.015625
2430 0
2440 0
2450 0
2460 0
2470 0
2480 0
2490 0
2500 0
2510 0
2520 0
2530 0
2540 0
2550 0
2560 0
2570 0
2580 0.015625
2590 0
2600 0
2610 0
2620 0
2630 0
2640 0
2650 0
2660 0
2670 0
2680 0
2690 0
2700 0
2710 0
2720 0
2730 0.015625
2740 0
2750 0
2760 0
2770 0
2780 0
2790 0
2800 0
2810 0
2820 0
2830 0
2840 0
2850 0
2860 0.015625
2870 0
2880 0
2890 0
2900 0
2910 0
2920 0
2930 0
2940 0
2950 0
2960 0
2970 0
2980 0
2990 0
3000 0.015625
3010 0
3020 0
3030 0
3040 0
3050 0
3060 0
3070 0
3080 0
3090 0
3100 0
3110 0
3120 0
3130 0.015625
3140 0
3150 0
3160 0
3170 0
3180 0
3190 0
3200 0
3210 0
3220 0
3230 0
3240 0
3250 0.015625
3260 0
3270 0
3280 0
3290 0
3300 0
3310 0
3320 0
3330 0
3340 0
3350 0
3360 0
3370 0.015625
3380 0
3390 0
3400 0
3410 0
3420 0
3430 0
3440 0
3450 0
3460 0
3470 0
3480 0.015625
3490 0
3500 0
3510 0
3520 0
3530 0
3540 0
3550 0
3560 0
3570 0
3580 0
3590 0.015625
3600 0
3610 0
3620 0
3630 0
3640 0
3650 0
3660 0
3670 0
3680 0
3690 0
3700 0.015625
3710 0
3720 0
3730 0
3740 0
3750 0
3760 0
3770 0
3780 0
3790 0
3800 0.015625
3810 0
3820 0
3830 0
3840 0
3850 0
3860 0
3870 0
3880 0
3890 0
3900 0
3910 0
3920 0
3930 0
3940 0
3950 0
3960 0
3970 0
3980 0
3990 0
4000 0.015625
4010 0
4020 0
4030 0
4040 0
4050 0
4060 0
4070 0
4080 0
4090 0.015625
4100 0
4110 0
4120 0
4130 0
4140 0
4150 0
4160 0
4170 0
4180 0.015625
4190 0
4200 0
4210 0
4220 0
4230 0
4240 0
4250 0
4260 0
4270 0.015625
4280 0
4290 0
4300 0
4310 0
4320 0
4330 0
4340 0
4350 0
4360 0.015625
4370 0
4380 0
4390 0
4400 0
4410 0
4420 0
4430 0
4440 0
4450 0.015625
4460 0
4470 0
4480 0
4490 0
4500 0
4510 0
4520 0
4530 0.015625
4540 0
4550 0
4560 0
4570 0
4580 0
4590 0
4600 0
4610 0.015625
4620 0
4630 0
4640 0
4650 0
4660 0
4670 0
4680 0
4690 0.015625
4700 0
4710 0
4720 0
4730 0
4740 0
4750 0
4760 0
4770 0.015625
4780 0
4790 0
4800 0
4810 0
4820 0
4830 0
4840 0
4850 0.015625
4860 0
4870 0
4880 0
4890 0
4900 0
4910 0
4920 0.015625
4930 0
4940 0
4950 0
4960 0
4970 0
4980 0
4990 0
5000 0.015625
5010 0
5020 0
5030 0
5040 0
5050 0
5060 0
5070 0.015625
5080 0
5090 0
5100 0
5110 0
5120 0
5130 0
5140 0.015625
5150 0
5160 0
5170 0
5180 0
5190 0
5200 0
5210 0.015625
5220 0
5230 0
5240 0
5250 0
5260 0
5270 0
5280 0.015625
5290 0
5300 0
5310 0
5320 0
5330 0
5340 0
5350 0.015625
5360 0
5370 0
5380 0
5390 0
5400 0
5410 0
5420 0.015625
5430 0
5440 0
5450 0
5460 0
5470 0
5480 0
5490 0.015625
5500 0
5510 0
5520 0
5530 0
5540 0
5550 0.015625
5560 0
5570 0
5580 0
5590 0
5600 0
5610 0
5620 0.015625
5630 0
5640 0
5650 0
5660 0
5670 0
5680 0.015625
5690 0
5700 0
5710 0
5720 0
5730 0
5740 0.015625
5750 0
5760 0
5770 0
5780 0
5790 0
5800 0
5810 0.015625
5820 0
5830 0
5840 0
5850 0
5860 0
5870 0.015625
5880 0
5890 0
5900 0
5910 0
5920 0
5930 0.015625
5940 0
5950 0
5960 0
5970 0
5980 0
5990 0.015625
6000 0
6010 0
6020 0
6030 0
6040 0
6050 0.015625
6060 0
6070 0
6080 0
6090 0
6100 0
6110 0.015625
6120 0
6130 0
6140 0
6150 0
6160 0
6170 0.015625
6180 0
6190 0
6200 0
6210 0
6220 0
6230 0.015625
6240 0
6250 0
6260 0
6270 0
6280 0
6290 0.015625
6300 0
6310 0
6320 0
6330 0
6340 0
6350 0.015625
6360 0
6370 0
6380 0
6390 0
6400 0.015625
6410 0
6420 0
6430 0
6440 0
6450 0
6460 0.015625
6470 0
6480 0
6490 0
6500 0
6510 0.015625
6520 0
6530 0
6540 0
6550 0
6560 0
6570 0.015625
6580 0
6590 0
6600 0
6610 0
6620 0.015625
6630 0
6640 0
6650 0
6660 0
6670 0
6680 0.015625
6690 0
6700 0
6710 0
6720 0
6730 0.015625
6740 0
6750 0
6760 0
6770 0
6780 0.015625
6790 0
6800 0
6810 0
6820 0
6830 0
6840 0.015625
6850 0
6860 0
6870 0
6880 0
6890 0.015625
6900 0
6910 0
6920 0
6930 0
6940 0.015625
6950 0
6960 0
6970 0
6980 0
6990 0.015625
7000 0
7010 0
7020 0
7030 0
7040 0.015625
7050 0
7060 0
7070 0
7080 0
7090 0.015625
7100 0
7110 0
7120 0
7130 0
7140 0.015625
7150 0
7160 0
7170 0
7180 0
7190 0.015625
7200 0
7210 0
7220 0
7230 0
7240 0.015625
7250 0
7260 0
7270 0
7280 0
7290 0.015625
7300 0
7310 0
7320 0
7330 0
7340 0.015625
7350 0
7360 0
7370 0
7380 0
7390 0.015625
7400 0
7410 0
7420 0
7430 0
7440 0.015625
7450 0
7460 0
7470 0
7480 0
7490 0.015625
7500 0
7510 0
7520 0
7530 0.015625
7540 0
7550 0
7560 0
7570 0
7580 0.015625
7590 0
7600 0
7610 0
7620 0
7630 0.015625
7640 0
7650 0
7660 0
7670 0.015625
7680 0
7690 0
7700 0
7710 0
7720 0.015625
7730 0
7740 0
7750 0
7760 0
7770 0.015625
7780 0
7790 0
7800 0
7810 0.015625
7820 0
7830 0
7840 0
7850 0
7860 0.015625
7870 0
7880 0
7890 0
7900 0
7910 0.015625
7920 0
7930 0
7940 0
7950 0.015625
7960 0
7970 0
7980 0
7990 0
8000 0.015625
8010 0
8020 0
8030 0
8040 0.015625
8050 0
8060 0
8070 0
8080 0.015625
8090 0
8100 0
8110 0
8120 0
8130 0.015625
8140 0
8150 0
8160 0
8170 0
8180 0
8190 0
8200 0
8210 0
8220 0.015625
8230 0
8240 0
8250 0
8260 0.015625
8270 0
8280 0
8290 0
8300 0
8310 0.015625
8320 0
8330 0
8340 0
8350 0.015625
8360 0
8370 0
8380 0
8390 0.015625
8400 0
8410 0
8420 0
8430 0.015625
8440 0
8450 0
8460 0
8470 0.015625
8480 0
8490 0
8500 0
8510 0
8520 0.015625
8530 0
8540 0
8550 0
8560 0.015625
8570 0
8580 0
8590 0
8600 0.015625
8610 0
8620 0
8630 0
8640 0.015625
8650 0
8660 0
8670 0
8680 0.015625
8690 0
8700 0
8710 0
8720 0.015625
8730 0
8740 0
8750 0
8760 0.015625
8770 0
8780 0
8790 0
8800 0.015625
8810 0
8820 0
8830 0
8840 0.015625
8850 0
8860 0
8870 0
8880 0.015625
8890 0
8900 0
8910 0
8920 0.015625
8930 0
8940 0
8950 0
8960 0.015625
8970 0
8980 0
8990 0
9000 0.015625
9010 0
9020 0
9030 0
9040 0.015625
9050 0
9060 0
9070 0.015625
9080 0
9090 0
9100 0
9110 0.015625
9120 0
9130 0
9140 0
9150 0.015625
9160 0
9170 0
9180 0
9190 0.015625
9200 0
9210 0
9220 0
9230 0.015625
9240 0
9250 0
9260 0.015625
9270 0
9280 0
9290 0
9300 0.015625
9310 0
9320 0
9330 0
9340 0.015625
9350 0
9360 0
9370 0
9380 0.015625
9390 0
9400 0
9410 0.015625
9420 0
9430 0
9440 0
9450 0.015625
9460 0
9470 0
9480 0
9490 0.015625
9500 0
9510 0
9520 0.015625
9530 0
9540 0
9550 0
9560 0.015625
9570 0
9580 0
9590 0.015625
9600 0
9610 0
9620 0
9630 0.015625
9640 0
9650 0
9660 0.015625
9670 0
9680 0
9690 0
9700 0.015625
9710 0
9720 0
9730 0.015625
9740 0
9750 0
9760 0.015625
9770 0
9780 0
9790 0
9800 0.015625
9810 0
9820 0
9830 0.015625
9840 0
9850 0
9860 0
9870 0.015625
9880 0
9890 0
9900 0.015625
9910 0
9920 0
9930 0.015625
9940 0
9950 0
9960 0
9970 0.015625
9980 0
9990 0
10000 0.015625
10010 0
10020 0
10030 0
10040 0.015625
10050 0
10060 0
10070 0.015625
10080 0
10090 0
10100 0
10110 0.015625
10120 0
10130 0
10140 0.015625
10150 0
10160 0
10170 0.015625
10180 0
10190 0
10200 0
10210 0.015625
10220 0
10230 0
10240 0.015625
10250 0
10260 0
10270 0.015625
10280 0
10290 0
10300 0
10310 0.015625
10320 0
10330 0
10340 0.015625
10350 0
10360 0
10370 0.015625
10380 0
10390 0
10400 0
10410 0.015625
10420 0
10430 0
10440 0.015625
10450 0
10460 0
10470 0.015625
10480 0
10490 0
10500 0
10510 0.015625
10520 0
10530 0
10540 0.015625
10550 0
10560 0
10570 0.015625
10580 0
10590 0
10600 0.015625
10610 0
10620 0
10630 0.015625
10640 0
10650 0
10660 0
10670 0
10680 0
10690 0
10700 0.015625
10710 0
10720 0
10730 0.015625
10740 0
10750 0
10760 0.015625
10770 0
10780 0
10790 0.015625
10800 0
10810 0
10820 0.015625
10830 0
10840 0
10850 0
10860 0.015625
10870 0
10880 0
10890 0.015625
10900 0
10910 0
10920 0.015625
10930 0
10940 0
10950 0.015625
10960 0
10970 0
10980 0.015625
10990 0
11000 0
11010 0.015625
11020 0
11030 0
11040 0.015625
11050 0
11060 0
11070 0.015625
11080 0
11090 0
11100 0.015625
11110 0
11120 0
11130 0.015625
11140 0
11150 0
11160 0
11170 0.015625
11180 0
11190 0.015625
11200 0
11210 0
11220 0
11230 0.015625
11240 0
11250 0
11260 0.015625
11270 0
11280 0
11290 0
11300 0
11310 0
11320 0.015625
11330 0
11340 0
11350 0.015625
11360 0
11370 0
11380 0
11390 0
11400 0
11410 0.015625
11420 0
11430 0
11440 0.015625
11450 0
11460 0.015625
11470 0
11480 0
11490 0.015625
11500 0
11510 0
11520 0.015625
11530 0
11540 0
11550 0.015625
11560 0
11570 0
11580 0.015625
11590 0
11600 0
11610 0.015625
11620 0
11630 0
11640 0.015625
11650 0
11660 0
11670 0.015625
11680 0
11690 0
11700 0.015625
11710 0
11720 0
11730 0.015625
11740 0
11750 0
11760 0.015625
11770 0
11780 0
11790 0.015625
11800 0
11810 0.015625
11820 0
11830 0
11840 0.015625
11850 0
11860 0
11870 0.015625
11880 0
11890 0
11900 0.015625
11910 0
11920 0
11930 0.015625
11940 0
11950 0
11960 0.015625
11970 0
11980 0.015625
11990 0
12000 0
12010 0.015625
12020 0
12030 0
12040 0.015625
12050 0
12060 0
12070 0.015625
12080 0
12090 0
12100 0.015625
12110 0
12120 0
12130 0.015625
12140 0
12150 0.015625
12160 0
12170 0
12180 0.015625
12190 0
12200 0
12210 0.015625
12220 0
12230 0
12240 0.015625
12250 0
12260 0.015625
12270 0
12280 0
12290 0.015625
12300 0
12310 0
12320 0.015625
12330 0
12340 0
12350 0.015625
12360 0
12370 0.015625
12380 0
12390 0
12400 0.015625
12410 0
12420 0
12430 0.015625
12440 0
12450 0
12460 0.015625
12470 0
12480 0.015625
12490 0
12500 0
12510 0.015625
12520 0
12530 0
12540 0.015625
12550 0
12560 0.015625
12570 0
12580 0
12590 0.015625
12600 0
12610 0
12620 0.015625
12630 0
12640 0.015625
12650 0
12660 0
12670 0.015625
12680 0
12690 0
12700 0.015625
12710 0
12720 0.015625
12730 0
12740 0
12750 0.015625
12760 0
12770 0
12780 0.015625
12790 0
12800 0.015625
12810 0
12820 0
12830 0.015625
12840 0
12850 0
12860 0.015625
12870 0
12880 0.015625
12890 0
12900 0
12910 0.015625
12920 0
12930 0
12940 0.015625
12950 0
12960 0.015625
12970 0
12980 0
12990 0.015625
13000 0
13010 0.015625
13020 0
13030 0
13040 0.015625
13050 0
13060 0.015625
13070 0
13080 0
13090 0.015625
13100 0
13110 0
13120 0.015625
13130 0
13140 0.015625
13150 0
13160 0
13170 0.015625
13180 0
13190 0.015625
13200 0
13210 0
13220 0.015625
13230 0
13240 0.015625
13250 0
13260 0
13270 0.015625
13280 0
13290 0.015625
13300 0
13310 0
13320 0.015625
13330 0
13340 0.015625
13350 0
13360 0
13370 0.015625
13380 0
13390 0.015625
13400 0
13410 0
13420 0.015625
13430 0
13440 0.015625
13450 0
13460 0
13470 0.015625
13480 0
13490 0.015625
13500 0
13510 0
13520 0.015625
13530 0
13540 0.015625
13550 0
13560 0
13570 0.015625
13580 0
13590 0.015625
13600 0
13610 0
13620 0.015625
13630 0
13640 0.015625
13650 0
13660 0
13670 0.015625
13680 0
13690 0.015625
13700 0
13710 0
13720 0.015625
13730 0
13740 0.015625
13750 0
13760 0
13770 0.015625
13780 0
13790 0.015625
13800 0
13810 0.015625
13820 0
13830 0
13840 0.015625
13850 0
13860 0.015625
13870 0
13880 0
13890 0.015625
13900 0
13910 0.015625
13920 0
13930 0.015625
13940 0
13950 0
13960 0.015625
13970 0
13980 0.015625
13990 0
14000 0
14010 0.015625
14020 0
14030 0.015625
14040 0
14050 0
14060 0.015625
14070 0
14080 0.015625
14090 0
14100 0.015625
14110 0
14120 0
14130 0.015625
14140 0
14150 0.015625
14160 0
14170 0.015625
14180 0
14190 0
14200 0.015625
14210 0
14220 0.015625
14230 0
14240 0.015625
14250 0
14260 0
14270 0.015625
14280 0
14290 0.015625
14300 0
14310 0.015625
14320 0
14330 0
14340 0.015625
14350 0
14360 0.015625
14370 0
14380 0.015625
14390 0
14400 0
14410 0.015625
14420 0
14430 0.015625
14440 0
14450 0.015625
14460 0
14470 0
14480 0.015625
14490 0
14500 0.015625
14510 0
14520 0.015625
14530 0
14540 0
14550 0.015625
14560 0
14570 0.015625
14580 0
14590 0.015625
14600 0
14610 0
14620 0.015625
14630 0
14640 0.015625
14650 0
14660 0.015625
14670 0
14680 0.015625
14690 0
14700 0
14710 0.015625
14720 0
14730 0.015625
14740 0
14750 0.015625
14760 0
14770 0.015625
14780 0
14790 0
14800 0.015625
14810 0
14820 0.015625
14830 0
14840 0.015625
14850 0
14860 0.015625
14870 0
14880 0
14890 0.015625
14900 0
14910 0.015625
14920 0
14930 0.015625
14940 0
14950 0.015625
14960 0
14970 0
14980 0
14990 0
15000 0.015625
15010 0
15020 0.015625
15030 0
15040 0.015625
15050 0
15060 0.015625
15070 0
15080 0
15090 0.015625
15100 0
15110 0.015625
15120 0
15130 0.015625
15140 0
15150 0.015625
15160 0
15170 0.015625
15180 0
15190 0
15200 0.015625
15210 0
15220 0.015625
15230 0
15240 0.015625
15250 0
15260 0.015625
15270 0
15280 0
15290 0
15300 0
15310 0
15320 0
15330 0.015625
15340 0
15350 0
15360 0.015625
15370 0
15380 0.015625
15390 0.015625
15400 0
15410 0.015625
15420 0
15430 0.015625
15440 0
15450 0.015625
15460 0
15470 0
15480 0.015625
15490 0
15500 0.015625
15510 0
15520 0.015625
15530 0
15540 0.015625
15550 0
15560 0.015625
15570 0
15580 0.015625
15590 0
15600 0.015625
15610 0
15620 0
15630 0.015625
15640 0
15650 0.015625
15660 0
15670 0.015625
15680 0
15690 0.015625
15700 0
15710 0.015625
15720 0
15730 0.015625
15740 0
15750 0.015625
15760 0
15770 0.015625
15780 0
15790 0
15800 0.015625
15810 0
15820 0.015625
15830 0
15840 0.015625
15850 0
15860 0.015625
15870 0
15880 0.015625
15890 0
15900 0.015625
15910 0
15920 0.015625
15930 0
15940 0.015625
15950 0
15960 0.015625
15970 0
15980 0.015625
15990 0
16000 0.015625
16010 0
16020 0.015625
16030 0
16040 0
16050 0.015625
16060 0
16070 0.015625
16080 0
16090 0.015625
16100 0
16110 0.015625
16120 0
16130 0.015625
16140 0
16150 0.015625
16160 0
16170 0.015625
16180 0
16190 0.015625
16200 0
16210 0.015625
16220 0
16230 0.015625
16240 0
16250 0.015625
16260 0
16270 0.015625
16280 0
16290 0.015625
16300 0
16310 0.015625
16320 0
16330 0.015625
16340 0
16350 0.015625
16360 0
16370 0.015625
16380 0
16390 0.015625
16400 0
16410 0.015625
16420 0
16430 0
16440 0.015625
16450 0.015625
16460 0
16470 0
16480 0.015625
16490 0
16500 0.015625
16510 0
16520 0.015625
16530 0
16540 0.015625
16550 0
16560 0.015625
16570 0
16580 0.015625
16590 0
16600 0.015625
16610 0
16620 0.015625
16630 0
16640 0.015625
16650 0
16660 0.015625
16670 0
16680 0.015625
16690 0.015625
16700 0
16710 0.015625
16720 0
16730 0.015625
16740 0
16750 0.015625
16760 0
16770 0.015625
16780 0
16790 0.015625
16800 0
16810 0.015625
16820 0
16830 0.015625
16840 0
16850 0.015625
16860 0
16870 0.015625
16880 0
16890 0.015625
16900 0
16910 0.015625
16920 0
16930 0.015625
16940 0
16950 0.015625
16960 0
16970 0.015625
16980 0
16990 0.015625
17000 0
17010 0.015625
17020 0
17030 0.015625
17040 0
17050 0.015625
17060 0
17070 0.015625
17080 0
17090 0.015625
17100 0.015625
17110 0
17120 0.015625
17130 0
17140 0.015625
17150 0
17160 0.015625
17170 0
17180 0.015625
17190 0
17200 0.015625
17210 0
17220 0.015625
17230 0
17240 0.015625
17250 0
17260 0.015625
17270 0
17280 0.015625
17290 0
17300 0.015625
17310 0.015625
17320 0
17330 0.015625
17340 0
17350 0.015625
17360 0
17370 0.015625
17380 0
17390 0.015625
17400 0
17410 0.015625
17420 0
17430 0.015625
17440 0
17450 0
17460 0.015625
17470 0
17480 0.015625
17490 0
17500 0.015625
17510 0
17520 0.015625
17530 0
17540 0.015625
17550 0
17560 0.015625
17570 0
17580 0.015625
17590 0
17600 0.015625
17610 0.015625
17620 0
17630 0.015625
17640 0
17650 0.015625
17660 0
17670 0.015625
17680 0
17690 0.015625
17700 0
17710 0.015625
17720 0.015625
17730 0
17740 0.015625
17750 0
17760 0.015625
17770 0
17780 0.015625
17790 0
17800 0.015625
17810 0.015625
17820 0.015625
17830 0
17840 0.015625
17850 0.015625
17860 0
17870 0.015625
17880 0
17890 0.015625
17900 0
17910 0.015625
17920 0.015625
17930 0
17940 0.015625
17950 0
17960 0.015625
17970 0
17980 0.015625
17990 0
18000 0.015625
18010 0.015625
18020 0
18030 0.015625
18040 0
18050 0.015625
18060 0
18070 0.015625
18080 0.015625
18090 0
18100 0.015625
18110 0
18120 0.015625
18130 0
18140 0.015625
18150 0.015625
18160 0
18170 0.015625
18180 0
18190 0.015625
18200 0
18210 0.015625
18220 0.015625
18230 0
18240 0.015625
18250 0
18260 0.015625
18270 0.015625
18280 0
18290 0.015625
18300 0
18310 0.015625
18320 0.015625
18330 0
18340 0.015625
18350 0
18360 0.015625
18370 0
18380 0.015625
18390 0
18400 0.015625
18410 0.015625
18420 0
18430 0.015625
18440 0
18450 0.015625
18460 0
18470 0.015625
18480 0.015625
18490 0
18500 0.015625
18510 0
18520 0.015625
18530 0.015625
18540 0
18550 0.015625
18560 0
18570 0.015625
18580 0
18590 0.015625
18600 0.015625
18610 0
18620 0.015625
18630 0
18640 0.015625
18650 0
18660 0.015625
18670 0.015625
18680 0
18690 0.015625
18700 0
18710 0.015625
18720 0
18730 0
18740 0.015625
18750 0
18760 0.015625
18770 0
18780 0.015625
18790 0.015625
18800 0
18810 0.015625
18820 0
18830 0.015625
18840 0.015625
18850 0
18860 0.015625
18870 0
18880 0.015625
18890 0
18900 0.015625
18910 0.015625
18920 0
18930 0.015625
18940 0
18950 0.015625
18960 0.015625
18970 0
18980 0.015625
18990 0
19000 0.015625
19010 0.015625
19020 0
19030 0.015625
19040 0
19050 0.015625
19060 0.015625
19070 0
19080 0.015625
19090 0
19100 0.015625
19110 0.015625
19120 0
19130 0.015625
19140 0
19150 0.015625
19160 0.015625
19170 0
19180 0.015625
19190 0
19200 0.015625
19210 0.015625
19220 0
19230 0.015625
19240 0
19250 0.015625
19260 0.015625
19270 0
19280 0.015625
19290 0.015625
19300 0
19310 0.015625
19320 0
19330 0.015625
19340 0.015625
19350 0
19360 0.015625
19370 0
19380 0.015625
19390 0.015625
19400 0
19410 0.015625
19420 0
19430 0.015625
19440 0.015625
19450 0
19460 0.015625
19470 0
19480 0.015625
19490 0.015625
19500 0
19510 0.015625
19520 0
19530 0.015625
19540 0.015625
19550 0
19560 0.015625
19570 0
19580 0.015625
19590 0.015625
19600 0
19610 0.015625
19620 0.015625
19630 0
19640 0.015625
19650 0
19660 0.015625
19670 0.015625
19680 0
19690 0.015625
19700 0
19710 0.015625
19720 0.015625
19730 0
19740 0.015625
19750 0.015625
19760 0
19770 0.015625
19780 0
19790 0.015625
19800 0.015625
19810 0
19820 0.015625
19830 0.015625
19840 0
19850 0.015625
19860 0
19870 0.015625
19880 0.015625
19890 0
19900 0.015625
19910 0
19920 0.015625
19930 0.015625
19940 0
19950 0.015625
19960 0.015625
19970 0
19980 0.015625
19990 0.015625
20000 0
20010 0.015625
20020 0
20030 0.015625
20040 0.015625
20050 0
20060 0.015625
20070 0.015625
20080 0
20090 0.015625
20100 0.015625
20110 0
20120 0.015625
20130 0.015625
20140 0
20150 0.015625
20160 0.015625
20170 0.015625
20180 0
20190 0.015625
20200 0
20210 0.015625
20220 0.015625
20230 0
20240 0.015625
20250 0.015625
20260 0
20270 0.015625
20280 0.015625
20290 0
20300 0.015625
20310 0
20320 0.015625
20330 0.015625
20340 0
20350 0.015625
20360 0.015625
20370 0
20380 0.015625
20390 0.015625
20400 0
20410 0.015625
20420 0.015625
20430 0
20440 0.015625
20450 0
20460 0.015625
20470 0.015625
20480 0
20490 0.015625
20500 0.015625
20510 0
20520 0.015625
20530 0.015625
20540 0
20550 0.015625
20560 0.015625
20570 0
20580 0.015625
20590 0
20600 0.015625
20610 0.015625
20620 0
20630 0.015625
20640 0.015625
20650 0
20660 0.015625
20670 0.015625
20680 0
20690 0.015625
20700 0.015625
20710 0
20720 0.015625
20730 0.015625
20740 0
20750 0.015625
20760 0.015625
20770 0
20780 0.015625
20790 0
20800 0.015625
20810 0.015625
20820 0
20830 0.015625
20840 0.015625
20850 0
20860 0.015625
20870 0.015625
20880 0
20890 0.015625
20900 0.015625
20910 0
20920 0.015625
20930 0.015625
20940 0
20950 0.015625
20960 0.015625
20970 0
20980 0.015625
20990 0.015625
21000 0
21010 0.015625
21020 0.015625
21030 0
21040 0.015625
21050 0.015625
21060 0
21070 0.015625
21080 0.015625
21090 0
21100 0.015625
21110 0.015625
21120 0
21130 0.015625
21140 0.015625
21150 0
21160 0.015625
21170 0.015625
21180 0
21190 0.015625
21200 0.015625
21210 0
21220 0.015625
21230 0.015625
21240 0
21250 0.015625
21260 0.015625
21270 0
21280 0.015625
21290 0.015625
21300 0
21310 0.015625
21320 0.015625
21330 0
21340 0.015625
21350 0.015625
21360 0
21370 0.015625
21380 0.015625
21390 0
21400 0.015625
21410 0.015625
21420 0
21430 0.015625
21440 0.015625
21450 0
21460 0.015625
21470 0.015625
21480 0.015625
21490 0
21500 0.015625
21510 0.015625
21520 0
21530 0.015625
21540 0.015625
21550 0
21560 0.015625
21570 0.015625
21580 0
21590 0.015625
21600 0.015625
21610 0
21620 0.015625
21630 0.015625
21640 0
21650 0.015625
21660 0.015625
21670 0
21680 0.015625
21690 0.015625
21700 0.015625
21710 0
21720 0.015625
21730 0.015625
21740 0
21750 0.015625
21760 0.015625
21770 0
21780 0.015625
21790 0.015625
21800 0
21810 0.015625
21820 0.015625
21830 0
21840 0.015625
21850 0.015625
21860 0.015625
21870 0
21880 0.015625
21890 0.015625
21900 0
21910 0.015625
21920 0.015625
21930 0
21940 0.015625
21950 0.015625
21960 0
21970 0
21980 0.015625
21990 0.015625
22000 0
22010 0.015625
22020 0.015625
22030 0
22040 0.015625
22050 0.015625
22060 0
22070 0.015625
22080 0.015625
22090 0.015625
22100 0
22110 0.015625
22120 0.015625
22130 0
22140 0.015625
22150 0.015625
22160 0
22170 0.015625
22180 0.015625
22190 0.015625
22200 0
22210 0.015625
22220 0.015625
22230 0
22240 0.015625
22250 0.015625
22260 0.015625
22270 0
22280 0.015625
22290 0.015625
22300 0
22310 0.015625
22320 0.015625
22330 0
22340 0.015625
22350 0.015625
22360 0.015625
22370 0
22380 0.015625
22390 0.015625
22400 0
22410 0.015625
22420 0.015625
22430 0.015625
22440 0
22450 0.015625
22460 0.015625
22470 0
22480 0.015625
22490 0.015625
22500 0.015625
22510 0
22520 0.015625
22530 0.015625
22540 0
22550 0.015625
22560 0.015625
22570 0.015625
22580 0
22590 0.015625
22600 0.015625
22610 0
22620 0.015625
22630 0.015625
22640 0.015625
22650 0
22660 0.015625
22670 0.015625
22680 0
22690 0.015625
22700 0.015625
22710 0.015625
22720 0
22730 0.015625
22740 0.015625
22750 0
22760 0.015625
22770 0.015625
22780 0.015625
22790 0
22800 0.015625
22810 0.015625
22820 0.015625
22830 0
22840 0.015625
22850 0.015625
22860 0
22870 0.015625
22880 0.015625
22890 0.015625
22900 0
22910 0.015625
22920 0.015625
22930 0.015625
22940 0
22950 0.015625
22960 0.015625
22970 0.015625
22980 0
22990 0.015625
23000 0.015625
23010 0.015625
23020 0
23030 0.015625
23040 0.015625
23050 0
23060 0.015625
23070 0.015625
23080 0.015625
23090 0
23100 0.015625
23110 0.015625
23120 0.015625
23130 0
23140 0.015625
23150 0.015625
23160 0.015625
23170 0
23180 0.015625
23190 0.015625
23200 0
23210 0.015625
23220 0.015625
23230 0.015625
23240 0
23250 0.015625
23260 0.015625
23270 0.015625
23280 0
23290 0.015625
23300 0.015625
23310 0.015625
23320 0
23330 0.015625
23340 0.015625
23350 0.015625
23360 0
23370 0.015625
23380 0.015625
23390 0.015625
23400 0
23410 0.015625
23420 0.015625
23430 0.015625
23440 0
23450 0.015625
23460 0.015625
23470 0.015625
23480 0
23490 0.015625
23500 0.015625
23510 0.015625
23520 0
23530 0.015625
23540 0.015625
23550 0.015625
23560 0
23570 0.015625
23580 0.015625
23590 0
23600 0
23610 0.015625
23620 0.015625
23630 0
23640 0
23650 0.015625
23660 0.015625
23670 0
23680 0
23690 0.015625
23700 0.015625
23710 0.015625
23720 0
23730 0.015625
23740 0.015625
23750 0.015625
23760 0
23770 0.015625
23780 0.015625
23790 0.015625
23800 0
23810 0.015625
23820 0.015625
23830 0.015625
23840 0
23850 0.015625
23860 0.015625
23870 0.015625
23880 0
23890 0.015625
23900 0.015625
23910 0.015625
23920 0
23930 0.015625
23940 0.015625
23950 0.015625
23960 0
23970 0.015625
23980 0.015625
23990 0.015625
24000 0.015625
24010 0
24020 0
24030 0.015625
24040 0.015625
24050 0.015625
24060 0
24070 0.015625
24080 0.015625
24090 0.015625
24100 0
24110 0.015625
24120 0.015625
24130 0.015625
24140 0
24150 0.015625
24160 0.015625
24170 0.015625
24180 0
24190 0.015625
24200 0.015625
24210 0.015625
24220 0.015625
24230 0
24240 0.015625
24250 0.015625
24260 0.015625
24270 0
24280 0.015625
24290 0.015625
24300 0.015625
24310 0
24320 0.015625
24330 0.015625
24340 0.015625
24350 0.015625
24360 0
24370 0.015625
24380 0.015625
24390 0.015625
24400 0
24410 0
24420 0.015625
24430 0.015625
24440 0.015625
24450 0
24460 0.015625
24470 0.015625
24480 0.015625
24490 0
24500 0.015625
24510 0.015625
24520 0.015625
24530 0.015625
24540 0
24550 0.015625
24560 0.015625
24570 0.015625
24580 0
24590 0
24600 0.015625
24610 0.015625
24620 0.015625
24630 0
24640 0.015625
24650 0.015625
24660 0.015625
24670 0.015625
24680 0
24690 0.015625
24700 0.015625
24710 0.015625
24720 0
24730 0
24740 0.015625
24750 0.015625
24760 0.015625
24770 0
24780 0.015625
24790 0.015625
24800 0.015625
24810 0.015625
24820 0
24830 0.015625
24840 0.015625
24850 0.015625
24860 0.015625
24870 0
24880 0.015625
24890 0.015625
24900 0.015625
24910 0.015625
24920 0
24930 0.015625
24940 0.015625
24950 0.015625
24960 0
24970 0.015625
24980 0.015625
24990 0.015625
25000 0.015625
25010 0.015625
25020 0
25030 0.015625
25040 0.015625
25050 0.015625
25060 0
25070 0.015625
25080 0.015625
25090 0.015625
25100 0.015625
25110 0
25120 0.015625
25130 0.015625
25140 0.015625
25150 0.015625
25160 0.015625
25170 0
25180 0.015625
25190 0.015625
25200 0.015625
25210 0.015625
25220 0
25230 0.015625
25240 0.015625
25250 0.015625
25260 0.015625
25270 0
25280 0
25290 0.015625
25300 0.015625
25310 0.015625
25320 0.015625
25330 0
25340 0.015625
25350 0.015625
25360 0.015625
25370 0.015625
25380 0
25390 0.015625
25400 0.015625
25410 0.015625
25420 0.015625
25430 0
25440 0.015625
25450 0.015625
25460 0.015625
25470 0.015625
25480 0
25490 0.015625
25500 0.015625
25510 0.015625
25520 0.015625
25530 0.015625
25540 0
25550 0.015625
25560 0.015625
25570 0.015625
25580 0.015625
25590 0
25600 0.015625
25610 0.015625
25620 0.015625
25630 0.015625
25640 0.015625
25650 0
25660 0.015625
25670 0.015625
25680 0.015625
25690 0.015625
25700 0
25710 0.015625
25720 0.015625
25730 0.015625
25740 0.015625
25750 0.015625
25760 0
25770 0.015625
25780 0.015625
25790 0.015625
25800 0.015625
25810 0
25820 0.015625
25830 0.015625
25840 0.015625
25850 0.015625
25860 0.015625
25870 0
25880 0.015625
25890 0.015625
25900 0.015625
25910 0.015625
25920 0.015625
25930 0
25940 0.015625
25950 0.015625
25960 0.015625
25970 0.015625
25980 0.015625
25990 0
26000 0.015625
26010 0.015625
26020 0.015625
26030 0.015625
26040 0.015625
26050 0
26060 0.015625
26070 0.015625
26080 0.015625
26090 0.015625
26100 0.015625
26110 0
26120 0.015625
26130 0.015625
26140 0.015625
26150 0.015625
26160 0.015625
26170 0
26180 0.015625
26190 0.015625
26200 0.015625
26210 0.015625
26220 0.015625
26230 0
26240 0.015625
26250 0.015625
26260 0.015625
26270 0.015625
26280 0.015625
26290 0.015625
26300 0
26310 0.015625
26320 0.015625
26330 0.015625
26340 0.015625
26350 0.015625
26360 0
26370 0.015625
26380 0.015625
26390 0.015625
26400 0.015625
26410 0.015625
26420 0
26430 0.015625
26440 0.015625
26450 0.015625
26460 0.015625
26470 0.015625
26480 0.015625
26490 0
26500 0.015625
26510 0.015625
26520 0.015625
26530 0.015625
26540 0.015625
26550 0
26560 0
26570 0.015625
26580 0.015625
26590 0.015625
26600 0.015625
26610 0.015625
26620 0
26630 0.015625
26640 0.015625
26650 0.015625
26660 0.015625
26670 0.015625
26680 0.015625
26690 0
26700 0.015625
26710 0.015625
26720 0.015625
26730 0.015625
26740 0.015625
26750 0.015625
26760 0
26770 0.015625
26780 0.015625
26790 0.015625
26800 0.015625
26810 0.015625
26820 0.015625
26830 0
26840 0.015625
26850 0.015625
26860 0.015625
26870 0.015625
26880 0.015625
26890 0.015625
26900 0
26910 0.015625
26920 0.015625
26930 0.015625
26940 0.015625
26950 0.015625
26960 0.015625
26970 0
26980 0
26990 0.015625
27000 0.015625
27010 0.015625
27020 0.015625
27030 0.015625
27040 0.015625
27050 0
27060 0.015625
27070 0.015625
27080 0.015625
27090 0.015625
27100 0.015625
27110 0.015625
27120 0
27130 0.015625
27140 0.015625
27150 0.015625
27160 0.015625
27170 0.015625
27180 0.015625
27190 0.015625
27200 0
27210 0.015625
27220 0.015625
27230 0.015625
27240 0.015625
27250 0.015625
27260 0.015625
27270 0.015625
27280 0
27290 0.015625
27300 0.015625
27310 0.015625
27320 0.015625
27330 0.015625
27340 0.015625
27350 0.015625
27360 0
27370 0.015625
27380 0.015625
27390 0.015625
27400 0.015625
27410 0.015625
27420 0.015625
27430 0.015625
27440 0
27450 0.015625
27460 0.015625
27470 0.015625
27480 0.015625
27490 0.015625
27500 0.015625
27510 0.015625
27520 0.015625
27530 0.015625
27540 0.015625
27550 0
27560 0.015625
27570 0.015625
27580 0.015625
27590 0.015625
27600 0.015625
27610 0.015625
27620 0.015625
27630 0
27640 0.015625
27650 0.015625
27660 0.015625
27670 0.015625
27680 0.015625
27690 0.015625
27700 0.015625
27710 0.015625
27720 0.015625
27730 0
27740 0.015625
27750 0.015625
27760 0.015625
27770 0.015625
27780 0.015625
27790 0.015625
27800 0.015625
27810 0.015625
27820 0.015625
27830 0
27840 0.015625
27850 0.015625
27860 0.015625
27870 0.015625
27880 0.015625
27890 0.015625
27900 0.015625
27910 0.015625
27920 0
27930 0
27940 0.015625
27950 0.015625
27960 0.015625
27970 0.015625
27980 0.015625
27990 0.015625
28000 0.015625
28010 0.015625
28020 0.015625
28030 0
28040 0.015625
28050 0.015625
28060 0.015625
28070 0.015625
28080 0.015625
28090 0.015625
28100 0.015625
28110 0.015625
28120 0.015625
28130 0
28140 0.015625
28150 0.015625
28160 0.015625
28170 0.015625
28180 0.015625
28190 0.015625
28200 0.015625
28210 0.015625
28220 0.015625
28230 0
28240 0.015625
28250 0.015625
28260 0.015625
28270 0.015625
28280 0.015625
28290 0.015625
28300 0.015625
28310 0.015625
28320 0.015625
28330 0.015625
28340 0.015625
28350 0
28360 0.015625
28370 0.015625
28380 0.015625
28390 0.015625
28400 0.015625
28410 0.015625
28420 0.015625
28430 0.015625
28440 0.015625
28450 0.015625
28460 0
28470 0.015625
28480 0.015625
28490 0.015625
28500 0.015625
28510 0.015625
28520 0.015625
28530 0.015625
28540 0.015625
28550 0.015625
28560 0.015625
28570 0.015625
28580 0
28590 0.015625
28600 0.015625
28610 0.015625
28620 0.015625
28630 0.015625
28640 0.015625
28650 0.015625
28660 0.015625
28670 0.015625
28680 0.015625
28690 0.015625
28700 0.015625
28710 0
28720 0.015625
28730 0.015625
28740 0.015625
28750 0.015625
28760 0.015625
28770 0.015625
28780 0.015625
28790 0.015625
28800 0.015625
28810 0.015625
28820 0.015625
28830 0.015625
28840 0
28850 0.015625
28860 0.015625
28870 0.015625
28880 0.015625
28890 0.015625
28900 0.015625
28910 0.015625
28920 0.015625
28930 0.015625
28940 0.015625
28950 0.015625
28960 0.015625
28970 0
28980 0
28990 0.015625
29000 0.015625
29010 0.015625
29020 0.015625
29030 0.015625
29040 0.015625
29050 0.015625
29060 0.015625
29070 0.015625
29080 0.015625
29090 0.015625
29100 0.015625
29110 0.015625
29120 0.015625
29130 0
29140 0.015625
29150 0.015625
29160 0.015625
29170 0.015625
29180 0.015625
29190 0.015625
29200 0.015625
29210 0.015625
29220 0.015625
29230 0.015625
29240 0.015625
29250 0.015625
29260 0.015625
29270 0.015625
29280 0.015625
29290 0
29300 0.015625
29310 0.015625
29320 0.015625
29330 0.015625
29340 0.015625
29350 0.015625
29360 0.015625
29370 0.015625
29380 0.015625
29390 0.015625
29400 0.015625
29410 0.015625
29420 0.015625
29430 0.015625
29440 0.015625
29450 0.015625
29460 0
29470 0.015625
29480 0.015625
29490 0.015625
29500 0.015625
29510 0.015625
29520 0.015625
29530 0.015625
29540 0.015625
29550 0.015625
29560 0.015625
29570 0.015625
29580 0.015625
29590 0.015625
29600 0.015625
29610 0.015625
29620 0.015625
29630 0.015625
29640 0.015625
29650 0
29660 0.015625
29670 0.015625
29680 0.015625
29690 0.015625
29700 0.015625
29710 0.015625
29720 0.015625
29730 0.015625
29740 0.015625
29750 0.015625
29760 0.015625
29770 0.015625
29780 0.015625
29790 0.015625
29800 0.015625
29810 0.015625
29820 0.015625
29830 0.015625
29840 0.015625
29850 0.015625
29860 0.015625
29870 0
29880 0
29890 0
29900 0.015625
29910 0.015625
29920 0.015625
29930 0.015625
29940 0.015625
29950 0.015625
29960 0.015625
29970 0.015625
29980 0.015625
29990 0.015625
30000 0.015625
30010 0.015625
30020 0.015625
30030 0.015625
30040 0.015625
30050 0.015625
30060 0.015625
30070 0.015625
30080 0.015625
30090 0.015625
30100 0.015625
30110 0.015625
30120 0.015625
30130 0.015625
30140 0.015625
30150 0
30160 0.015625
30170 0
30180 0.015625
30190 0.015625
30200 0.015625
30210 0.015625
30220 0.015625
30230 0.015625
30240 0.015625
30250 0.015625
30260 0.015625
30270 0.015625
30280 0.015625
30290 0.015625
30300 0.015625
30310 0.015625
30320 0.015625
30330 0.015625
30340 0.015625
30350 0.015625
30360 0.015625
30370 0.015625
30380 0.015625
30390 0.015625
30400 0.015625
30410 0.015625
30420 0.015625
30430 0.015625
30440 0.015625
30450 0.015625
30460 0.015625
30470 0.015625
30480 0.015625
30490 0.015625
30500 0.015625
30510 0.015625
30520 0.015625
30530 0.015625
30540 0.015625
30550 0.015625
30560 0.015625
30570 0.015625
30580 0.015625
30590 0.015625
30600 0.015625
30610 0
30620 0.015625
30630 0
30640 0.015625
30650 0.015625
30660 0.015625
30670 0.015625
30680 0.015625
30690 0.015625
30700 0.015625
30710 0.015625
30720 0.015625
30730 0.015625
30740 0.015625
30750 0.015625
30760 0.015625
30770 0.015625
30780 0.015625
30790 0.015625
30800 0.015625
30810 0.015625
30820 0.015625
30830 0.015625
30840 0.015625
30850 0.015625
30860 0.015625
30870 0.015625
30880 0.015625
30890 0.015625
30900 0.015625
30910 0.015625
30920 0.015625
30930 0.015625
30940 0.015625
30950 0.015625
30960 0.015625
30970 0.015625
30980 0.015625
30990 0.015625
31000 0.015625
31010 0.015625
31020 0.015625
31030 0.015625
31040 0.015625
31050 0.015625
31060 0.015625
31070 0.015625
31080 0.015625
31090 0.015625
31100 0.015625
31110 0.015625
31120 0.015625
31130 0.015625
31140 0.015625
31150 0.015625
31160 0.015625
31170 0.015625
31180 0.015625
31190 0.015625
31200 0.015625
31210 0.015625
31220 0.015625
31230 0.015625
31240 0.015625
31250 0.015625
31260 0.015625
31270 0.015625
31280 0.015625
31290 0.015625
31300 0.015625
31310 0.015625
31320 0.015625
31330 0.015625
31340 0.015625
31350 0.015625
31360 0.015625
31370 0.015625
31380 0
31390 0.015625
31400 0.03125
31410 0
31420 0
31430 0.03125
31440 0.015625
31450 0.015625
31460 0.015625
31470 0.015625
31480 0.015625
31490 0.015625
31500 0.015625
31510 0.015625
31520 0.015625
31530 0.015625
31540 0.015625
31550 0.015625
31560 0.015625
31570 0.015625
31580 0.015625
31590 0.015625
31600 0.015625
31610 0.015625
31620 0.015625
31630 0.015625
31640 0.015625
31650 0.015625
31660 0.015625
31670 0.015625
31680 0.015625
31690 0.015625
31700 0.015625
31710 0.015625
31720 0.015625
31730 0.015625
31740 0.015625
31750 0.015625
31760 0.015625
31770 0.015625
31780 0.015625
31790 0.015625
31800 0.015625
31810 0.015625
31820 0.015625
31830 0.015625
31840 0.015625
31850 0.015625
31860 0.015625
31870 0.015625
31880 0.015625
31890 0.015625
31900 0.03125
31910 0.015625
31920 0.015625
31930 0.015625
31940 0.015625
31950 0.015625
31960 0.015625
31970 0.015625
31980 0.015625
31990 0.015625
32000 0.015625
32010 0.015625
32020 0.015625
32030 0.015625
32040 0.015625
32050 0.015625
32060 0.015625
32070 0.015625
32080 0.015625
32090 0.015625
32100 0.015625
32110 0.015625
32120 0.015625
32130 0.015625
32140 0.015625
32150 0.015625
32160 0.015625
32170 0.015625
32180 0.015625
32190 0.015625
32200 0.015625
32210 0.015625
32220 0.015625
32230 0.015625
32240 0.015625
32250 0.015625
32260 0.015625
32270 0.015625
32280 0.015625
32290 0.015625
32300 0.015625
32310 0.015625
32320 0.015625
32330 0.015625
32340 0.015625
32350 0.015625
32360 0.015625
32370 0.015625
32380 0.015625
32390 0.015625
32400 0.015625
32410 0.015625
32420 0.015625
32430 0.015625
32440 0.015625
32450 0.015625
32460 0.015625
32470 0.015625
32480 0.015625
32490 0.015625
32500 0.015625
32510 0.015625
32520 0.015625
32530 0.015625
32540 0.015625
32550 0.015625
32560 0.015625
32570 0.015625
32580 0.015625
32590 0.015625
32600 0.015625
32610 0.015625
32620 0.015625
32630 0.015625
32640 0.015625
32650 0.015625
32660 0.015625
32670 0.015625
32680 0.015625
32690 0.015625
32700 0.015625
32710 0.03125
32720 0.015625
32730 0.015625
32740 0.015625
32750 0.015625
32760 0.015625
32770 0.015625
32780 0.015625
32790 0.015625
32800 0.015625
32810 0.015625
32820 0.015625
32830 0.015625
32840 0.015625
32850 0.015625
32860 0.015625
32870 0.015625
32880 0.015625
32890 0.015625
32900 0.015625
32910 0.03125
32920 0.015625
32930 0.015625
32940 0.015625
32950 0.015625
32960 0.015625
32970 0.015625
32980 0.015625
32990 0.015625
33000 0.015625
33010 0.015625
33020 0.015625
33030 0.015625
33040 0.015625
33050 0.015625
33060 0.015625
33070 0.015625
33080 0.03125
33090 0.015625
33100 0.015625
33110 0.015625
33120 0.015625
33130 0.015625
33140 0.015625
33150 0.015625
33160 0.015625
33170 0.015625
33180 0.015625
33190 0.015625
33200 0.015625
33210 0.015625
33220 0.015625
33230 0.015625
33240 0.015625
33250 0.015625
33260 0.015625
33270 0.015625
33280 0.015625
33290 0.015625
33300 0.015625
33310 0.015625
33320 0.015625
33330 0.015625
33340 0.015625
33350 0.015625
33360 0.015625
33370 0.015625
33380 0.015625
33390 0.03125
33400 0.015625
33410 0.015625
33420 0.015625
33430 0.015625
33440 0.015625
33450 0.015625
33460 0.015625
33470 0.015625
33480 0.015625
33490 0.015625
33500 0.03125
33510 0.015625
33520 0.015625
33530 0.015625
33540 0.015625
33550 0.015625
33560 0.015625
33570 0.015625
33580 0.015625
33590 0.015625
33600 0.015625
33610 0.03125
33620 0.015625
33630 0.015625
33640 0.015625
33650 0.015625
33660 0.015625
33670 0.015625
33680 0.015625
33690 0.015625
33700 0.015625
33710 0.015625
33720 0.03125
33730 0.015625
33740 0.015625
33750 0.015625
33760 0.015625
33770 0.015625
33780 0.015625
33790 0.015625
33800 0.015625
33810 0.03125
33820 0.015625
33830 0.015625
33840 0.015625
33850 0.015625
33860 0.015625
33870 0.015625
33880 0.015625
33890 0.015625
33900 0.015625
33910 0.03125
33920 0.015625
33930 0.015625
33940 0.015625
33950 0.015625
33960 0.015625
33970 0.015625
33980 0.015625
33990 0.015625
34000 0.015625
34010 0.03125
34020 0.015625
34030 0.015625
34040 0.015625
34050 0.015625
34060 0.015625
34070 0.015625
34080 0.015625
34090 0.015625
34100 0.03125
34110 0.015625
34120 0.015625
34130 0.015625
34140 0.015625
34150 0.015625
34160 0.015625
34170 0.015625
34180 0.015625
34190 0.03125
34200 0.015625
34210 0.015625
34220 0.015625
34230 0.015625
34240 0.015625
34250 0.015625
34260 0.015625
34270 0.015625
34280 0.03125
34290 0.015625
34300 0.015625
34310 0.015625
34320 0.015625
34330 0.015625
34340 0.015625
34350 0.015625
34360 0.03125
34370 0.015625
34380 0.015625
34390 0.015625
34400 0.015625
34410 0.015625
34420 0.015625
34430 0.015625
34440 0.015625
34450 0.015625
34460 0.015625
34470 0.015625
34480 0.015625
34490 0.015625
34500 0.015625
34510 0.015625
34520 0.015625
34530 0.015625
34540 0.015625
34550 0.015625
34560 0.015625
34570 0.015625
34580 0.015625
34590 0.015625
34600 0.03125
34610 0.015625
34620 0.015625
34630 0.015625
34640 0.015625
34650 0.015625
34660 0.015625
34670 0.015625
34680 0.015625
34690 0.015625
34700 0.015625
34710 0.015625
34720 0.015625
34730 0.015625
34740 0.015625
34750 0.03125
34760 0.015625
34770 0.015625
34780 0.015625
34790 0.015625
34800 0.015625
34810 0.015625
34820 0.03125
34830 0.015625
34840 0.015625
34850 0.015625
34860 0.015625
34870 0.015625
34880 0.015625
34890 0.03125
34900 0.015625
34910 0.015625
34920 0.015625
34930 0.015625
34940 0.015625
34950 0.015625
34960 0.03125
34970 0.015625
34980 0.015625
34990 0.015625
35000 0.015625
35010 0.015625
35020 0.015625
35030 0.03125
35040 0.015625
35050 0.015625
35060 0.015625
35070 0.015625
35080 0.015625
35090 0.03125
35100 0.015625
35110 0.015625
35120 0.015625
35130 0.015625
35140 0.015625
35150 0.03125
35160 0.015625
35170 0.015625
35180 0.015625
35190 0.015625
35200 0.015625
35210 0.03125
35220 0.015625
35230 0.015625
35240 0.015625
35250 0.015625
35260 0.015625
35270 0.015625
35280 0.03125
35290 0.015625
35300 0.015625
35310 0.015625
35320 0.015625
35330 0.015625
35340 0.03125
35350 0.015625
35360 0.015625
35370 0.015625
35380 0.015625
35390 0.015625
35400 0.03125
35410 0.015625
35420 0.015625
35430 0.015625
35440 0.015625
35450 0.015625
35460 0.03125
35470 0.015625
35480 0.015625
35490 0.015625
35500 0.015625
35510 0.015625
35520 0.03125
35530 0.015625
35540 0.015625
35550 0.015625
35560 0.015625
35570 0.03125
35580 0.015625
35590 0.015625
35600 0.015625
35610 0.015625
35620 0.015625
35630 0.03125
35640 0.015625
35650 0.015625
35660 0.015625
35670 0.015625
35680 0.015625
35690 0.03125
35700 0.015625
35710 0.015625
35720 0.015625
35730 0.015625
35740 0.015625
35750 0.015625
35760 0.015625
35770 0.015625
35780 0.015625
35790 0.015625
35800 0.03125
35810 0.015625
35820 0.015625
35830 0.015625
35840 0.015625
35850 0.03125
35860 0.015625
35870 0.015625
35880 0.015625
35890 0.015625
35900 0.03125
35910 0.015625
35920 0.015625
35930 0.015625
35940 0.015625
35950 0.015625
35960 0.03125
35970 0.015625
35980 0.015625
35990 0.015625
36000 0.015625
36010 0.03125
36020 0.015625
36030 0.015625
36040 0.015625
36050 0.015625
36060 0.03125
36070 0.015625
36080 0.015625
36090 0.015625
36100 0.015625
36110 0.03125
36120 0.015625
36130 0.015625
36140 0.015625
36150 0.015625
36160 0.015625
36170 0.015625
36180 0.015625
36190 0.015625
36200 0.015625
36210 0.015625
36220 0.015625
36230 0.015625
36240 0.015625
36250 0.015625
36260 0.015625
36270 0.015625
36280 0.015625
36290 0.015625
36300 0.015625
36310 0.03125
36320 0.015625
36330 0.015625
36340 0.015625
36350 0.015625
36360 0.03125
36370 0.015625
36380 0.015625
36390 0.015625
36400 0.015625
36410 0.03125
36420 0.015625
36430 0.015625
36440 0.015625
36450 0.015625
36460 0.03125
36470 0.015625
36480 0.015625
36490 0.015625
36500 0.03125
36510 0.015625
36520 0.015625
36530 0.015625
36540 0.015625
36550 0.03125
36560 0.015625
36570 0.015625
36580 0.015625
36590 0.03125
36600 0.015625
36610 0.015625
36620 0.015625
36630 0.015625
36640 0.03125
36650 0.015625
36660 0.015625
36670 0.015625
36680 0.015625
36690 0.03125
36700 0.015625
36710 0.015625
36720 0.015625
36730 0.03125
36740 0.015625
36750 0.015625
36760 0.015625
36770 0.015625
36780 0.03125
36790 0.015625
36800 0.015625
36810 0.015625
36820 0.03125
36830 0.015625
36840 0.015625
36850 0.015625
36860 0.03125
36870 0.015625
36880 0.015625
36890 0.015625
36900 0.015625
36910 0.03125
36920 0.015625
36930 0.015625
36940 0.015625
36950 0.03125
36960 0.015625
36970 0.015625
36980 0.015625
36990 0.015625
37000 0.03125
37010 0.015625
37020 0.015625
37030 0.015625
37040 0.03125
37050 0.015625
37060 0.015625
37070 0.015625
37080 0.03125
37090 0.015625
37100 0.015625
37110 0.015625
37120 0.03125
37130 0.015625
37140 0.015625
37150 0.015625
37160 0.03125
37170 0.015625
37180 0.015625
37190 0.015625
37200 0.03125
37210 0.015625
37220 0.015625
37230 0.015625
37240 0.03125
37250 0.015625
37260 0.015625
37270 0.015625
37280 0.03125
37290 0.015625
37300 0.015625
37310 0.015625
37320 0.03125
37330 0.015625
37340 0.015625
37350 0.015625
37360 0.03125
37370 0.015625
37380 0.015625
37390 0.015625
37400 0.03125
37410 0.015625
37420 0.015625
37430 0.015625
37440 0.03125
37450 0.015625
37460 0.015625
37470 0.015625
37480 0.03125
37490 0.015625
37500 0.015625
37510 0.015625
37520 0.03125
37530 0.015625
37540 0.015625
37550 0.015625
37560 0.03125
37570 0.015625
37580 0.015625
37590 0.015625
37600 0.03125
37610 0.015625
37620 0.015625
37630 0.015625
37640 0.03125
37650 0.015625
37660 0.015625
37670 0.015625
37680 0.03125
37690 0.015625
37700 0.015625
37710 0.015625
37720 0.03125
37730 0.015625
37740 0.015625
37750 0.015625
37760 0.03125
37770 0.015625
37780 0.015625
37790 0.015625
37800 0.03125
37810 0.015625
37820 0.015625
37830 0.03125
37840 0.015625
37850 0.015625
37860 0.015625
37870 0.03125
37880 0.015625
37890 0.015625
37900 0.015625
37910 0.03125
37920 0.015625
37930 0.015625
37940 0.015625
37950 0.03125
37960 0.015625
37970 0.015625
37980 0.03125
37990 0.015625
38000 0.015625
38010 0.015625
38020 0.03125
38030 0.015625
38040 0.015625
38050 0.015625
38060 0.03125
38070 0.015625
38080 0.015625
38090 0.015625
38100 0.015625
38110 0.015625
38120 0.015625
38130 0.03125
38140 0.015625
38150 0.015625
38160 0.015625
38170 0.03125
38180 0.015625
38190 0.015625
38200 0.015625
38210 0.03125
38220 0.015625
38230 0.015625
38240 0.03125
38250 0.015625
38260 0.015625
38270 0.015625
38280 0.03125
38290 0.015625
38300 0.015625
38310 0.015625
38320 0.015625
38330 0.015625
38340 0.015625
38350 0.03125
38360 0.015625
38370 0.015625
38380 0.015625
38390 0.03125
38400 0.015625
38410 0.015625
38420 0.03125
38430 0.015625
38440 0.015625
38450 0.015625
38460 0.03125
38470 0.015625
38480 0.015625
38490 0.03125
38500 0.015625
38510 0.015625
38520 0.015625
38530 0.03125
38540 0.015625
38550 0.015625
38560 0.03125
38570 0.015625
38580 0.015625
38590 0.015625
38600 0.03125
38610 0.015625
38620 0.015625
38630 0.03125
38640 0.015625
38650 0.015625
38660 0.015625
38670 0.015625
38680 0.015625
38690 0.015625
38700 0.03125
38710 0.015625
38720 0.015625
38730 0.03125
38740 0.015625
38750 0.015625
38760 0.015625
38770 0.03125
38780 0.015625
38790 0.015625
38800 0.03125
38810 0.015625
38820 0.015625
38830 0.015625
38840 0.03125
38850 0.015625
38860 0.015625
38870 0.03125
38880 0.015625
38890 0.015625
38900 0.03125
38910 0.015625
38920 0.015625
38930 0.015625
38940 0.03125
38950 0.015625
38960 0.015625
38970 0.03125
38980 0.015625
38990 0.015625
39000 0.03125
39010 0.015625
39020 0.015625
39030 0.015625
39040 0.03125
39050 0.015625
39060 0.015625
39070 0.03125
39080 0.015625
39090 0.015625
39100 0.03125
39110 0.015625
39120 0.015625
39130 0.03125
39140 0.015625
39150 0.015625
39160 0.015625
39170 0.03125
39180 0.015625
39190 0.015625
39200 0.03125
39210 0.015625
39220 0.015625
39230 0.03125
39240 0.015625
39250 0.015625
39260 0.03125
39270 0.015625
39280 0.015625
39290 0.03125
39300 0.015625
39310 0.015625
39320 0.015625
39330 0.03125
39340 0.015625
39350 0.015625
39360 0.03125
39370 0.015625
39380 0.015625
39390 0.03125
39400 0.015625
39410 0.015625
39420 0.03125
39430 0.015625
39440 0.015625
39450 0.03125
39460 0.015625
39470 0.015625
39480 0.03125
39490 0.015625
39500 0.015625
39510 0.03125
39520 0.015625
39530 0.015625
39540 0.03125
39550 0.015625
39560 0.015625
39570 0.015625
39580 0.03125
39590 0.015625
39600 0.015625
39610 0.015625
39620 0.015625
39630 0.015625
39640 0.03125
39650 0.015625
39660 0.015625
39670 0.03125
39680 0.015625
39690 0.015625
39700 0.03125
39710 0.015625
39720 0.015625
39730 0.03125
39740 0.015625
39750 0.015625
39760 0.03125
39770 0.015625
39780 0.015625
39790 0.03125
39800 0.015625
39810 0.015625
39820 0.03125
39830 0.015625
39840 0.015625
39850 0.03125
39860 0.015625
39870 0.015625
39880 0.03125
39890 0.015625
39900 0.015625
39910 0.03125
39920 0.015625
39930 0.015625
39940 0.03125
39950 0.015625
39960 0.015625
39970 0.015625
39980 0.015625
39990 0.015625
40000 0.03125
40010 0.015625
40020 0.015625
40030 0.03125
40040 0.015625
40050 0.03125
40060 0.015625
40070 0.015625
40080 0.03125
40090 0.015625
40100 0.015625
40110 0.03125
40120 0.015625
40130 0.015625
40140 0.03125
40150 0.015625
40160 0.015625
40170 0.03125
40180 0.015625
40190 0.015625
40200 0.03125
40210 0.015625
40220 0.015625
40230 0.03125
40240 0.015625
40250 0.015625
40260 0.015625
40270 0.015625
40280 0.03125
40290 0.015625
40300 0.015625
40310 0.03125
40320 0.015625
40330 0.015625
40340 0.03125
40350 0.015625
40360 0.015625
40370 0.03125
40380 0.015625
40390 0.015625
40400 0.03125
40410 0.015625
40420 0.015625
40430 0.03125
40440 0.015625
40450 0.03125
40460 0.015625
40470 0.015625
40480 0.03125
40490 0.015625
40500 0.015625
40510 0.03125
40520 0.015625
40530 0.015625
40540 0.03125
40550 0.015625
40560 0.03125
40570 0.015625
40580 0.015625
40590 0.03125
40600 0.015625
40610 0.015625
40620 0.03125
40630 0.015625
40640 0.015625
40650 0.03125
40660 0.015625
40670 0.015625
40680 0.015625
40690 0.015625
40700 0.03125
40710 0.015625
40720 0.015625
40730 0.03125
40740 0.015625
40750 0.015625
40760 0.03125
40770 0.015625
40780 0.03125
40790 0.015625
40800 0.015625
40810 0.03125
40820 0.015625
40830 0.015625
40840 0.03125
40850 0.015625
40860 0.015625
40870 0.03125
40880 0.015625
40890 0.03125
40900 0.015625
40910 0.015625
40920 0.03125
40930 0.015625
40940 0.015625
40950 0.03125
40960 0.015625
40970 0.015625
40980 0.015625
40990 0.015625
41000 0.03125
41010 0.015625
41020 0.015625
41030 0.03125
41040 0.015625
41050 0.03125
41060 0.015625
41070 0.015625
41080 0.03125
41090 0.015625
41100 0.015625
41110 0.03125
41120 0.015625
41130 0.03125
41140 0.015625
41150 0.015625
41160 0.03125
41170 0.015625
41180 0.015625
41190 0.03125
41200 0.015625
41210 0.03125
41220 0.015625
41230 0.015625
41240 0.03125
41250 0.015625
41260 0.03125
41270 0.015625
41280 0.03125
41290 0.015625
41300 0.015625
41310 0.03125
41320 0.015625
41330 0.03125
41340 0.015625
41350 0.015625
41360 0.03125
41370 0.015625
41380 0.015625
41390 0.015625
41400 0.015625
41410 0.03125
41420 0.015625
41430 0.03125
41440 0.015625
41450 0.03125
41460 0.015625
41470 0.03125
41480 0.015625
41490 0.015625
41500 0.03125
41510 0.015625
41520 0.03125
41530 0.015625
41540 0.015625
41550 0.03125
41560 0.015625
41570 0.03125
41580 0.015625
41590 0.015625
41600 0.03125
41610 0.015625
41620 0.03125
41630 0.015625
41640 0.015625
41650 0.03125
41660 0.015625
41670 0.03125
41680 0.015625
41690 0.03125
41700 0.015625
41710 0.03125
41720 0.015625
41730 0.015625
41740 0.03125
41750 0.015625
41760 0.03125
41770 0.015625
41780 0.015625
41790 0.03125
41800 0.015625
41810 0.03125
41820 0.015625
41830 0.03125
41840 0.015625
41850 0.015625
41860 0.03125
41870 0.015625
41880 0.03125
41890 0.015625
41900 0.03125
41910 0.015625
41920 0.015625
41930 0.03125
41940 0.015625
41950 0.03125
41960 0.015625
41970 0.015625
41980 0.03125
41990 0.015625
42000 0.03125
42010 0.015625
42020 0.015625
42030 0.015625
42040 0.015625
42050 0.03125
42060 0.015625
42070 0.03125
42080 0.015625
42090 0.015625
42100 0.03125
42110 0.015625
42120 0.03125
42130 0.015625
42140 0.015625
42150 0.03125
42160 0.015625
42170 0.03125
42180 0.015625
42190 0.03125
42200 0.015625
42210 0.015625
42220 0.03125
42230 0.015625
42240 0.03125
42250 0.015625
42260 0.03125
42270 0.015625
42280 0.015625
42290 0.03125
42300 0.015625
42310 0.03125
42320 0.015625
42330 0.03125
42340 0.015625
42350 0.015625
42360 0.03125
42370 0.015625
42380 0.03125
42390 0.015625
42400 0.03125
42410 0.015625
42420 0.03125
42430 0.015625
42440 0.03125
42450 0.015625
42460 0.03125
42470 0.03125
42480 0.015625
42490 0.03125
42500 0.015625
42510 0.015625
42520 0.03125
42530 0.015625
42540 0.03125
42550 0.015625
42560 0.03125
42570 0.015625
42580 0.03125
42590 0.015625
42600 0.015625
42610 0.03125
42620 0.015625
42630 0.03125
42640 0.015625
42650 0.03125
42660 0.015625
42670 0.03125
42680 0.015625
42690 0.03125
42700 0.015625
42710 0.015625
42720 0.03125
42730 0.015625
42740 0.03125
42750 0.015625
42760 0.03125
42770 0.015625
42780 0.015625
42790 0.03125
42800 0.015625
42810 0.03125
42820 0.015625
42830 0.03125
42840 0.015625
42850 0.03125
42860 0.015625
42870 0.015625
42880 0.015625
42890 0.015625
42900 0.03125
42910 0.015625
42920 0.03125
42930 0.015625
42940 0.03125
42950 0.015625
42960 0.03125
42970 0.015625
42980 0.015625
42990 0.03125
43000 0.015625
43010 0.03125
43020 0.015625
43030 0.03125
43040 0.015625
43050 0.03125
43060 0.015625
43070 0.015625
43080 0.015625
43090 0.015625
43100 0.03125
43110 0.015625
43120 0.03125
43130 0.015625
43140 0.03125
43150 0.015625
43160 0.03125
43170 0.015625
43180 0.03125
43190 0.015625
43200 0.03125
43210 0.015625
43220 0.03125
43230 0.015625
43240 0.03125
43250 0.015625
43260 0.03125
43270 0.015625
43280 0.03125
43290 0.015625
43300 0.03125
43310 0.015625
43320 0.03125
43330 0.015625
43340 0.03125
43350 0.015625
43360 0.015625
43370 0.03125
43380 0.015625
43390 0.03125
43400 0.015625
43410 0.03125
43420 0.015625
43430 0.03125
43440 0.015625
43450 0.03125
43460 0.03125
43470 0.03125
43480 0.015625
43490 0.03125
43500 0.015625
43510 0.03125
43520 0.015625
43530 0.03125
43540 0.015625
43550 0.03125
43560 0.015625
43570 0.03125
43580 0.015625
43590 0.03125
43600 0.015625
43610 0.03125
43620 0.015625
43630 0.03125
43640 0.015625
43650 0.015625
43660 0.03125
43670 0.015625
43680 0.03125
43690 0.015625
43700 0.03125
43710 0.015625
43720 0.03125
43730 0.015625
43740 0.03125
43750 0.015625
43760 0.03125
43770 0.015625
43780 0.03125
43790 0.015625
43800 0.03125
43810 0.015625
43820 0.03125
43830 0.015625
43840 0.03125
43850 0.015625
43860 0.03125
43870 0.015625
43880 0.015625
43890 0.03125
43900 0.015625
43910 0.03125
43920 0.015625
43930 0.03125
43940 0.015625
43950 0.03125
43960 0.015625
43970 0.03125
43980 0.015625
43990 0.03125
44000 0.015625
44010 0.03125
44020 0.015625
44030 0.03125
44040 0.015625
44050 0.03125
44060 0.015625
44070 0.03125
44080 0.015625
44090 0.03125
44100 0.015625
44110 0.03125
44120 0.015625
44130 0.03125
44140 0.015625
44150 0.03125
44160 0.015625
44170 0.03125
44180 0.015625
44190 0.03125
44200 0.015625
44210 0.03125
44220 0.015625
44230 0.03125
44240 0.015625
44250 0.03125
44260 0.015625
44270 0.03125
44280 0.015625
44290 0.03125
44300 0.015625
44310 0.03125
44320 0.015625
44330 0.03125
44340 0.015625
44350 0.03125
44360 0.015625
44370 0.03125
44380 0.015625
44390 0.03125
44400 0.015625
44410 0.03125
44420 0.015625
44430 0.03125
44440 0.015625
44450 0.03125
44460 0.015625
44470 0.03125
44480 0.015625
44490 0.03125
44500 0.015625
44510 0.03125
44520 0.015625
44530 0.03125
44540 0.015625
44550 0.03125
44560 0.015625
44570 0.03125
44580 0.015625
44590 0.03125
44600 0.015625
44610 0.03125
44620 0.015625
44630 0.03125
44640 0.015625
44650 0.03125
44660 0.015625
44670 0.03125
44680 0.015625
44690 0.03125
44700 0.015625
44710 0.03125
44720 0.015625
44730 0.015625
44740 0.03125
44750 0.015625
44760 0.03125
44770 0.015625
44780 0.03125
44790 0.015625
44800 0.03125
44810 0.015625
44820 0.03125
44830 0.015625
44840 0.03125
44850 0.015625
44860 0.03125
44870 0.015625
44880 0.03125
44890 0.015625
44900 0.03125
44910 0.015625
44920 0.03125
44930 0.015625
44940 0.03125
44950 0.03125
44960 0.015625
44970 0.03125
44980 0.015625
44990 0.03125
45000 0.015625
45010 0.03125
45020 0.015625
45030 0.03125
45040 0.015625
45050 0.03125
45060 0.015625
45070 0.03125
45080 0.015625
45090 0.03125
45100 0.015625
45110 0.03125
45120 0.015625
45130 0.03125
45140 0.015625
45150 0.015625
45160 0.03125
45170 0.015625
45180 0.03125
45190 0.015625
45200 0.03125
45210 0.015625
45220 0.03125
45230 0.015625
45240 0.03125
45250 0.03125
45260 0.015625
45270 0.03125
45280 0.015625
45290 0.03125
45300 0.015625
45310 0.03125
45320 0.015625
45330 0.03125
45340 0.015625
45350 0.03125
45360 0.015625
45370 0.03125
45380 0.03125
45390 0.015625
45400 0.03125
45410 0.015625
45420 0.03125
45430 0.015625
45440 0.03125
45450 0.015625
45460 0.03125
45470 0.015625
45480 0.03125
45490 0.015625
45500 0.03125
45510 0.03125
45520 0.015625
45530 0.03125
45540 0.015625
45550 0.03125
45560 0.015625
45570 0.03125
45580 0.015625
45590 0.015625
45600 0.03125
45610 0.015625
45620 0.03125
45630 0.015625
45640 0.03125
45650 0.015625
45660 0.03125
45670 0.015625
45680 0.03125
45690 0.03125
45700 0.015625
45710 0.03125
45720 0.015625
45730 0.03125
45740 0.015625
45750 0.03125
45760 0.015625
45770 0.03125
45780 0.015625
45790 0.03125
45800 0.03125
45810 0.015625
45820 0.03125
45830 0.015625
45840 0.03125
45850 0.015625
45860 0.03125
45870 0.015625
45880 0.03125
45890 0.03125
45900 0.015625
45910 0.03125
45920 0.015625
45930 0.03125
45940 0.015625
45950 0.03125
45960 0.015625
45970 0.03125
45980 0.03125
45990 0.015625
46000 0.03125
46010 0.015625
46020 0.03125
46030 0.015625
46040 0.03125
46050 0.015625
46060 0.03125
46070 0.03125
46080 0.015625
46090 0.03125
46100 0.015625
46110 0.03125
46120 0.015625
46130 0.03125
46140 0.03125
46150 0.015625
46160 0.03125
46170 0.015625
46180 0.03125
46190 0.015625
46200 0.03125
46210 0.03125
46220 0.015625
46230 0.03125
46240 0.015625
46250 0.03125
46260 0.015625
46270 0.03125
46280 0.015625
46290 0.03125
46300 0.03125
46310 0.015625
46320 0.03125
46330 0.015625
46340 0.03125
46350 0.03125
46360 0.015625
46370 0.03125
46380 0.015625
46390 0.03125
46400 0.015625
46410 0.015625
46420 0.03125
46430 0.015625
46440 0.03125
46450 0.015625
46460 0.03125
46470 0.015625
46480 0.03125
46490 0.03125
46500 0.015625
46510 0.03125
46520 0.015625
46530 0.03125
46540 0.03125
46550 0.015625
46560 0.03125
46570 0.015625
46580 0.03125
46590 0.015625
46600 0.03125
46610 0.03125
46620 0.015625
46630 0.03125
46640 0.015625
46650 0.03125
46660 0.015625
46670 0.03125
46680 0.03125
46690 0.015625
46700 0.03125
46710 0.015625
46720 0.03125
46730 0.03125
46740 0.015625
46750 0.03125
46760 0.015625
46770 0.03125
46780 0.03125
46790 0.015625
46800 0.03125
46810 0.015625
46820 0.03125
46830 0.015625
46840 0.03125
46850 0.03125
46860 0.015625
46870 0.03125
46880 0.015625
46890 0.03125
46900 0.03125
46910 0.015625
46920 0.03125
46930 0.015625
46940 0.03125
46950 0.03125
46960 0.015625
46970 0.03125
46980 0.015625
46990 0.03125
47000 0.015625
47010 0.015625
47020 0.03125
47030 0.015625
47040 0.03125
47050 0.015625
47060 0.015625
47070 0.03125
47080 0.015625
47090 0.03125
47100 0.015625
47110 0.015625
47120 0.03125
47130 0.015625
47140 0.03125
47150 0.015625
47160 0.03125
47170 0.03125
47180 0.015625
47190 0.03125
47200 0.015625
47210 0.03125
47220 0.03125
47230 0.015625
47240 0.03125
47250 0.03125
47260 0.015625
47270 0.03125
47280 0.015625
47290 0.03125
47300 0.015625
47310 0.015625
47320 0.03125
47330 0.015625
47340 0.03125
47350 0.03125
47360 0.015625
47370 0.03125
47380 0.015625
47390 0.03125
47400 0.03125
47410 0.015625
47420 0.03125
47430 0.015625
47440 0.03125
47450 0.03125
47460 0.015625
47470 0.03125
47480 0.015625
47490 0.03125
47500 0.03125
47510 0.015625
47520 0.03125
47530 0.03125
47540 0.015625
47550 0.03125
47560 0.015625
47570 0.03125
47580 0.03125
47590 0.015625
47600 0.03125
47610 0.015625
47620 0.03125
47630 0.03125
47640 0.015625
47650 0.03125
47660 0.03125
47670 0.015625
47680 0.03125
47690 0.015625
47700 0.03125
47710 0.03125
47720 0.015625
47730 0.03125
47740 0.015625
47750 0.03125
47760 0.03125
47770 0.015625
47780 0.03125
47790 0.03125
47800 0.015625
47810 0.03125
47820 0.015625
47830 0.03125
47840 0.03125
47850 0.015625
47860 0.03125
47870 0.015625
47880 0.015625
47890 0.03125
47900 0.015625
47910 0.03125
47920 0.03125
47930 0.015625
47940 0.03125
47950 0.015625
47960 0.015625
47970 0.03125
47980 0.015625
47990 0.03125
48000 0.03125
48010 0.015625
48020 0.03125
48030 0.03125
48040 0.015625
48050 0.03125
48060 0.015625
48070 0.03125
48080 0.03125
48090 0.015625
48100 0.03125
48110 0.03125
