10 0
20 0
30 0
40 0
50 0
60 0
70 0
80 0
90 0
100 0
110 0
120 0
130 0
140 0
150 0
160 0
170 0
180 0
190 0
200 0
210 0.015625
220 0
230 0
240 0
250 0
260 0
270 0
280 0
290 0.015625
300 0
310 0
320 0
330 0
340 0.015625
350 0
360 0
370 0
380 0.015625
390 0
400 0
410 0.015625
420 0
430 0
440 0.015625
450 0
460 0.015625
470 0
480 0
490 0.015625
500 0.015625
510 0
520 0.015625
530 0
540 0.015625
550 0
560 0.015625
570 0.015625
580 0.015625
590 0
600 0.015625
610 0.015625
620 0.015625
630 0.015625
640 0
650 0.015625
660 0.015625
670 0.015625
680 0.015625
690 0.015625
700 0.015625
710 0.03125
720 0.015625
730 0.015625
740 0.015625
750 0.015625
760 0.03125
770 0.015625
780 0.015625
790 0.03125
800 0.015625
810 0.03125
820 0.015625
830 0.03125
840 0.015625
850 0.03125
860 0.03125
870 0.015625
880 0.03125
890 0.03125
900 0.03125
910 0.03125
920 0.03125
930 0.03125
940 0.03125
950 0.03125
960 0.03125
970 0.03125
980 0.046875
990 0.03125
1000 0.03125
1010 0.046875
1020 0.03125
1030 0.046875
1040 0.046875
1050 0.03125
1060 0.046875
1070 0.046875
1080 0.046875
1090 0.046875
1100 0.046875
1110 0.046875
1120 0.046875
1130 0.046875
1140 0.0625
1150 0.046875
1160 0.046875
1170 0.0625
1180 0.0625
1190 0.046875
1200 0.0625
1210 0.0625
1220 0.0625
1230 0.0625
1240 0.0625
1250 0.0625
1260 0.078125
1270 0.0625
1280 0.078125
1290 0.0625
1300 0.078125
1310 0.0625
1320 0.078125
1330 0.078125
1340 0.078125
1350 0.078125
1360 0.09375
1370 0.078125
1380 0.09375
1390 0.078125
1400 0.09375
1410 0.078125
1420 0.09375
1430 0.09375
1440 0.09375
1450 0.09375
1460 0.109375
1470 0.09375
1480 0.09375
1490 0.109375
1500 0.09375
1510 0.109375
1520 0.109375
1530 0.109375
1540 0.109375
1550 0.109375
1560 0.125
1570 0.109375
1580 0.125
1590 0.109375
1600 0.125
1610 0.125
1620 0.125
1630 0.125
1640 0.140625
1650 0.125
1660 0.140625
1670 0.125
1680 0.140625
1690 0.140625
1700 0.140625
1710 0.140625
1720 0.140625
1730 0.140625
1740 0.15625
1750 0.15625
1760 0.140625
1770 0.15625
1780 0.15625
1790 0.15625
1800 0.15625
1810 0.15625
1820 0.171875
1830 0.15625
1840 0.171875
1850 0.171875
1860 0.171875
1870 0.1875
1880 0.171875
1890 0.171875
1900 0.1875
1910 0.1875
1920 0.1875
1930 0.1875
1940 0.1875
1950 0.203125
1960 0.1875
1970 0.203125
1980 0.203125
1990 0.203125
2000 0.203125
2010 0.203125
2020 0.21875
2030 0.203125
2040 0.21875
2050 0.21875
2060 0.21875
2070 0.21875
2080 0.234375
2090 0.21875
2100 0.234375
2110 0.234375
2120 0.234375
2130 0.234375
2140 0.25
2150 0.234375
2160 0.25
2170 0.234375
2180 0.265625
2190 0.25
2200 0.25
2210 0.25
2220 0.265625
2230 0.265625
2240 0.265625
2250 0.265625
2260 0.265625
2270 0.28125
2280 0.265625
2290 0.28125
2300 0.28125
2310 0.28125
2320 0.296875
2330 0.28125
2340 0.296875
2350 0.296875
2360 0.296875
2370 0.296875
2380 0.296875
2390 0.3125
2400 0.3125
2410 0.3125
2420 0.3125
2430 0.3125
2440 0.328125
2450 0.3125
2460 0.328125
2470 0.328125
2480 0.34375
2490 0.328125
2500 0.34375
2510 0.34375
2520 0.34375
2530 0.34375
2540 0.359375
2550 0.34375
2560 0.359375
2570 0.359375
2580 0.375
2590 0.359375
2600 0.375
2610 0.359375
2620 0.375
2630 0.390625
2640 0.375
2650 0.390625
2660 0.390625
2670 0.375
2680 0.40625
2690 0.390625
2700 0.40625
2710 0.40625
2720 0.40625
2730 0.40625
2740 0.421875
2750 0.40625
2760 0.4375
2770 0.40625
2780 0.4375
2790 0.421875
2800 0.453125
2810 0.421875
2820 0.453125
2830 0.4375
2840 0.453125
2850 0.453125
2860 0.453125
2870 0.453125
2880 0.46875
2890 0.46875
2900 0.46875
2910 0.46875
2920 0.484375
2930 0.46875
2940 0.5
2950 0.484375
2960 0.484375
2970 0.5
2980 0.5
2990 0.5
3000 0.515625
3010 0.5
3020 0.515625
3030 0.515625
3040 0.53125
3050 0.515625
3060 0.53125
3070 0.53125
3080 0.546875
3090 0.53125
3100 0.546875
3110 0.546875
3120 0.5625
3130 0.546875
3140 0.5625
3150 0.5625
3160 0.5625
3170 0.578125
3180 0.578125
3190 0.578125
3200 0.578125
3210 0.59375
3220 0.59375
3230 0.578125
3240 0.609375
3250 0.59375
3260 0.609375
3270 0.609375
3280 0.625
3290 0.609375
3300 0.625
3310 0.625
3320 0.640625
3330 0.625
3340 0.65625
3350 0.640625
3360 0.640625
3370 0.65625
3380 0.65625
3390 0.65625
3400 0.671875
3410 0.671875
3420 0.671875
3430 0.671875
3440 0.6875
3450 0.6875
3460 0.6875
3470 0.6875
3480 0.71875
3490 0.6875
3500 0.71875
3510 0.703125
3520 0.71875
3530 0.71875
3540 0.734375
3550 0.71875
3560 0.75
3570 0.734375
3580 0.75
3590 0.75
3600 0.75
3610 0.765625
3620 0.765625
3630 0.765625
3640 0.78125
3650 0.765625
3660 0.78125
3670 0.78125
3680 0.796875
3690 0.796875
3700 0.796875
3710 0.796875
3720 0.8125
3730 0.8125
3740 0.8125
3750 0.828125
3760 0.828125
3770 0.828125
3780 0.84375
3790 0.84375
3800 0.859375
3810 0.84375
3820 0.859375
3830 0.859375
3840 0.875
3850 0.859375
3860 0.890625
3870 0.875
3880 0.890625
3890 0.890625
3900 0.90625
3910 0.890625
3920 0.921875
3930 0.90625
3940 0.921875
3950 0.921875
3960 0.9375
3970 0.921875
3980 0.9375
3990 0.9375
4000 0.96875
4010 0.9375
4020 0.96875
4030 0.953125
4040 0.984375
4050 0.96875
4060 0.984375
4070 0.984375
4080 1
4090 1
4100 1
4110 1
4120 1.01562
4130 1.01562
4140 1.03125
4150 1.01562
4160 1.04688
4170 1.03125
4180 1.04688
4190 1.03125
4200 1.07812
4210 1.04688
4220 1.0625
4230 1.0625
4240 1.09375
4250 1.0625
4260 1.07812
4270 1.07812
4280 1.10938
4290 1.09375
4300 1.10938
4310 1.10938
4320 1.125
4330 1.125
4340 1.125
4350 1.125
4360 1.15625
4370 1.14062
4380 1.15625
4390 1.15625
4400 1.17188
4410 1.15625
4420 1.1875
4430 1.17188
4440 1.17188
4450 1.1875
4460 1.20312
4470 1.1875
4480 1.23438
4490 1.20312
4500 1.21875
4510 1.21875
4520 1.23438
4530 1.23438
4540 1.25
4550 1.23438
4560 1.26562
4570 1.26562
4580 1.26562
4590 1.26562
4600 1.29688
4610 1.26562
4620 1.29688
4630 1.29688
4640 1.3125
4650 1.29688
4660 1.32812
4670 1.3125
4680 1.32812
4690 1.32812
4700 1.34375
4710 1.32812
4720 1.375
4730 1.34375
4740 1.375
4750 1.35938
4760 1.39062
4770 1.375
4780 1.39062
4790 1.375
4800 1.42188
4810 1.39062
4820 1.42188
4830 1.40625
4840 1.4375
4850 1.42188
4860 1.45312
4870 1.4375
4880 1.46875
4890 1.4375
4900 1.46875
4910 1.46875
4920 1.48438
4930 1.46875
4940 1.5
4950 1.48438
4960 1.51562
4970 1.5
4980 1.51562
4990 1.51562
5000 1.57812
5010 1.53125
5020 1.54688
5030 1.54688
5040 1.5625
5050 1.5625
5060 1.5625
5070 1.57812
5080 1.59375
5090 1.57812
5100 1.60938
5110 1.59375
5120 1.625
5130 1.60938
5140 1.625
5150 1.60938
5160 1.65625
5170 1.64062
5180 1.67188
5190 1.64062
5200 1.6875
5210 1.65625
5220 1.6875
5230 1.67188
5240 1.71875
5250 1.6875
5260 1.70312
5270 1.70312
5280 1.71875
5290 1.6875
5300 1.73438
5310 1.73438
5320 1.76562
5330 1.73438
5340 1.76562
5350 1.75
5360 1.79688
5370 1.78125
5380 1.78125
5390 1.79688
5400 1.8125
5410 1.8125
5420 1.8125
5430 1.8125
5440 1.85938
5450 1.82812
5460 1.84375
5470 1.84375
5480 1.89062
5490 1.85938
5500 1.875
5510 1.875
5520 1.90625
5530 1.89062
5540 1.90625
5550 1.90625
5560 1.9375
5570 1.92188
5580 1.92188
5590 1.9375
5600 1.96875
5610 1.95312
5620 1.95312
5630 1.96875
5640 2
5650 1.96875
5660 2
5670 2
5680 2.03125
5690 2.01562
5700 2.01562
5710 2.01562
5720 2.0625
5730 2.03125
5740 2.04688
5750 2.0625
5760 2.09375
5770 2.0625
5780 2.07812
5790 2.07812
5800 2.10938
5810 2.09375
5820 2.125
5830 2.10938
5840 2.15625
5850 2.14062
5860 2.15625
5870 2.14062
5880 2.1875
5890 2.17188
5900 2.1875
5910 2.17188
5920 2.21875
5930 2.20312
5940 2.20312
5950 2.21875
5960 2.25
5970 2.21875
5980 2.25
5990 2.23438
6000 2.29688
6010 2.25
6020 2.28125
6030 2.28125
6040 2.32812
6050 2.28125
6060 2.32812
6070 2.29688
6080 2.35938
6090 2.32812
6100 2.34375
6110 2.34375
6120 2.39062
6130 2.34375
6140 2.39062
6150 2.375
6160 2.42188
6170 2.39062
6180 2.40625
6190 2.40625
6200 2.46875
6210 2.42188
6220 2.4375
6230 2.45312
6240 2.48438
6250 2.45312
6260 2.48438
6270 2.46875
6280 2.53125
6290 2.48438
6300 2.51562
6310 2.5
6320 2.54688
6330 2.53125
6340 2.54688
6350 2.54688
6360 2.57812
6370 2.54688
6380 2.57812
6390 2.57812
6400 2.625
6410 2.59375
6420 2.625
6430 2.59375
6440 2.70312
6450 2.65625
6460 2.64062
6470 2.70312
6480 2.70312
6490 2.65625
6500 2.6875
6510 2.67188
6520 2.73438
6530 2.6875
6540 2.71875
6550 2.71875
6560 2.78125
6570 2.73438
6580 2.75
6590 2.75
6600 2.79688
6610 2.76562
6620 2.79688
6630 2.78125
6640 2.84375
6650 2.8125
6660 2.82812
6670 2.8125
6680 2.875
6690 2.82812
6700 2.85938
6710 2.85938
6720 2.90625
6730 2.875
6740 2.90625
6750 2.89062
6760 2.9375
6770 2.92188
6780 2.95312
6790 2.9375
6800 3
6810 2.96875
6820 3.01562
6830 3
6840 3.04688
6850 3.01562
6860 3.04688
6870 3.04688
6880 3.10938
6890 3.07812
6900 3.07812
6910 3.09375
6920 3.14062
6930 3.09375
6940 3.14062
6950 3.10938
6960 3.17188
6970 3.14062
6980 3.17188
6990 3.15625
7000 3.21875
7010 3.17188
7020 3.20312
7030 3.20312
7040 3.26562
7050 3.21875
7060 3.23438
7070 3.25
7080 3.29688
7090 3.25
7100 3.28125
7110 3.28125
7120 3.34375
7130 3.29688
7140 3.32812
7150 3.3125
7160 3.375
7170 3.35938
7180 3.375
7190 3.35938
7200 3.42188
7210 3.39062
7220 3.40625
7230 3.39062
7240 3.45312
7250 3.42188
7260 3.4375
7270 3.4375
7280 3.5
7290 3.4375
7300 3.48438
7310 3.46875
7320 3.54688
7330 3.48438
7340 3.53125
7350 3.51562
7360 3.57812
7370 3.53125
7380 3.5625
7390 3.5625
7400 3.64062
7410 3.60938
7420 3.625
7430 3.60938
7440 3.67188
7450 3.60938
7460 3.65625
7470 3.64062
7480 3.70312
7490 3.67188
7500 3.70312
7510 3.6875
7520 3.76562
7530 3.70312
7540 3.73438
7550 3.71875
7560 3.8125
7570 3.75
7580 3.79688
7590 3.79688
7600 3.84375
7610 3.79688
7620 3.82812
7630 3.82812
7640 3.89062
7650 3.84375
7660 3.875
7670 3.85938
7680 3.9375
7690 3.89062
7700 3.90625
7710 3.90625
7720 3.98438
7730 3.92188
7740 3.95312
7750 3.95312
7760 4.01562
7770 3.98438
7780 3.98438
7790 4
7800 4.0625
7810 4.01562
7820 4.04688
7830 4.04688
7840 4.10938
7850 4.0625
7860 4.07812
7870 4.07812
7880 4.17188
7890 4.10938
7900 4.14062
7910 4.125
7920 4.20312
7930 4.17188
7940 4.20312
7950 4.20312
7960 4.26562
7970 4.21875
7980 4.26562
7990 4.25
8000 4.3125
8010 4.3125
8020 4.3125
8030 4.29688
8040 4.40625
8050 4.32812
8060 4.375
8070 4.35938
8080 4.4375
8090 4.375
8100 4.45312
8110 4.40625
8120 4.5
8130 4.45312
8140 4.5
8150 4.5
8160 4.54688
8170 4.60938
8180 4.5625
8190 4.53125
8200 4.60938
8210 4.57812
8220 4.60938
8230 4.60938
8240 4.76562
8250 4.625
8260 4.67188
8270 4.625
8280 4.73438
8290 4.67188
8300 4.71875
8310 4.70312
8320 4.78125
8330 4.71875
8340 4.76562
8350 4.73438
8360 4.84375
8370 4.78125
8380 4.8125
8390 4.82812
8400 4.90625
8410 4.84375
8420 4.84375
8430 4.85938
8440 4.96875
8450 4.89062
8460 4.92188
8470 4.92188
8480 5.03125
8490 4.95312
8500 4.98438
8510 4.96875
8520 5.10938
8530 5
8540 5.03125
8550 5.03125
8560 5.15625
8570 5.07812
8580 5.09375
8590 5.09375
8600 5.21875
8610 5.14062
8620 5.15625
8630 5.17188
8640 5.29688
8650 5.1875
8660 5.21875
8670 5.20312
8680 5.34375
8690 5.23438
8700 5.25
8710 5.28125
8720 5.5
8730 5.3125
8740 5.29688
8750 5.32812
8760 5.48438
8770 5.34375
8780 5.35938
8790 5.375
8800 5.54688
8810 5.42188
8820 5.4375
8830 5.45312
8840 5.59375
8850 5.48438
8860 5.51562
8870 5.51562
8880 5.70312
8890 5.5625
8900 5.5625
8910 5.54688
8920 5.75
8930 5.57812
8940 5.625
8950 5.65625
8960 5.82812
8970 5.67188
8980 5.6875
8990 5.67188
9000 5.875
9010 5.71875
9020 5.75
9030 5.78125
9040 5.98438
9050 5.8125
9060 5.79688
9070 5.8125
9080 6.01562
9090 5.85938
9100 5.875
9110 5.90625
9120 6.125
9130 5.9375
9140 5.9375
9150 5.9375
9160 6.14062
9170 5.98438
9180 5.98438
9190 6.01562
9200 6.25
9210 6.0625
9220 6.0625
9230 6.07812
9240 6.29688
9250 6.15625
9260 6.125
9270 6.17188
9280 6.42188
9290 6.20312
9300 6.20312
9310 6.1875
9320 6.42188
9330 6.26562
9340 6.25
9350 6.29688
9360 6.54688
9370 6.32812
9380 6.29688
9390 6.32812
9400 6.57812
9410 6.35938
9420 6.39062
9430 6.4375
9440 6.71875
9450 6.46875
9460 6.46875
9470 6.45312
9480 6.76562
9490 6.5
9500 6.54688
9510 6.59375
9520 6.875
9530 6.60938
9540 6.60938
9550 6.60938
9560 6.90625
9570 6.64062
9580 6.64062
9590 6.71875
9600 7.01562
9610 6.73438
9620 6.6875
9630 6.71875
9640 7
9650 6.76562
9660 6.78125
9670 6.84375
9680 7.14062
9690 6.875
9700 6.82812
9710 6.85938
9720 7.17188
9730 6.90625
9740 6.92188
9750 6.95312
9760 7.29688
9770 7.01562
9780 7
9790 7
9800 7.32812
9810 7.03125
9820 7.03125
9830 7.10938
9840 7.4375
9850 7.14062
9860 7.07812
9870 7.125
9880 7.5
9890 7.15625
9900 7.17188
9910 7.26562
9920 7.60938
9930 7.29688
9940 7.25
9950 7.28125
9960 7.625
9970 7.29688
9980 7.3125
9990 7.375
