10 0
20 0
30 0
40 0
50 0.015625
60 0
70 0
80 0
90 0
100 0
110 0
120 0
130 0
140 0
150 0
160 0
170 0.015625
180 0
190 0
200 0
210 0
220 0
230 0
240 0
250 0
260 0
270 0
280 0
290 0
300 0
310 0
320 0
330 0.015625
340 0
350 0
360 0
370 0
380 0
390 0
400 0
410 0.015625
420 0
430 0
440 0
450 0
460 0
470 0.015625
480 0
490 0
500 0
510 0.015625
520 0
530 0.015625
540 0
550 0
560 0
570 0.015625
580 0
590 0
600 0.015625
610 0
620 0
630 0.015625
640 0
650 0.015625
660 0
670 0
680 0.015625
690 0.015625
700 0
710 0
720 0
730 0.03125
740 0
750 0
760 0.015625
770 0.015625
780 0
790 0
800 0.03125
810 0
820 0.015625
830 0.015625
840 0
850 0.015625
860 0.015625
870 0.015625
880 0.015625
890 0
900 0.015625
910 0.015625
920 0.015625
930 0
940 0.03125
950 0
960 0.03125
970 0.015625
980 0.015625
990 0.015625
1000 0.015625
1010 0.015625
1020 0.015625
1030 0.03125
1040 0
1050 0.03125
1060 0.015625
1070 0.015625
1080 0.03125
1090 0
1100 0.03125
1110 0.03125
1120 0.03125
1130 0.015625
1140 0.015625
1150 0.03125
1160 0.03125
1170 0.015625
1180 0.03125
1190 0.015625
1200 0.03125
1210 0.03125
1220 0.03125
1230 0.015625
1240 0.03125
1250 0.03125
1260 0.03125
1270 0.03125
1280 0.03125
1290 0.03125
1300 0.03125
1310 0.03125
1320 0.03125
1330 0.015625
1340 0.0625
1350 0.03125
1360 0.03125
1370 0.03125
1380 0.046875
1390 0.03125
1400 0.046875
1410 0.03125
1420 0.03125
1430 0.046875
1440 0.03125
1450 0.046875
1460 0.03125
1470 0.0625
1480 0.03125
1490 0.0625
1500 0.03125
1510 0.046875
1520 0.046875
1530 0.046875
1540 0.046875
1550 0.046875
1560 0.0625
1570 0.046875
1580 0.046875
1590 0.046875
1600 0.0625
1610 0.03125
1620 0.078125
1630 0.046875
1640 0.046875
1650 0.0625
1660 0.0625
1670 0.0625
1680 0.0625
1690 0.046875
1700 0.078125
1710 0.0625
1720 0.0625
1730 0.0625
1740 0.046875
1750 0.078125
1760 0.078125
1770 0.0625
1780 0.078125
1790 0.0625
1800 0.0625
1810 0.078125
1820 0.078125
1830 0.0625
1840 0.078125
1850 0.078125
1860 0.078125
1870 0.078125
1880 0.078125
1890 0.078125
1900 0.09375
1910 0.078125
1920 0.078125
1930 0.078125
1940 0.09375
1950 0.078125
1960 0.09375
1970 0.078125
1980 0.09375
1990 0.09375
2000 0.09375
2010 0.09375
2020 0.09375
2030 0.09375
2040 0.09375
2050 0.109375
2060 0.09375
2070 0.09375
2080 0.109375
2090 0.09375
2100 0.109375
2110 0.09375
2120 0.109375
2130 0.109375
2140 0.109375
2150 0.09375
2160 0.109375
2170 0.109375
2180 0.125
2190 0.09375
2200 0.09375
2210 0.125
2220 0.109375
2230 0.125
2240 0.109375
2250 0.125
2260 0.125
2270 0.109375
2280 0.125
2290 0.125
2300 0.125
2310 0.125
2320 0.125
2330 0.125
2340 0.125
2350 0.140625
2360 0.125
2370 0.125
2380 0.140625
2390 0.140625
2400 0.125
2410 0.125
2420 0.140625
2430 0.15625
2440 0.140625
2450 0.125
2460 0.15625
2470 0.140625
2480 0.140625
2490 0.140625
2500 0.15625
2510 0.140625
2520 0.15625
2530 0.15625
2540 0.140625
2550 0.15625
2560 0.15625
2570 0.140625
2580 0.171875
2590 0.15625
2600 0.15625
2610 0.15625
2620 0.171875
2630 0.15625
2640 0.15625
2650 0.171875
2660 0.171875
2670 0.171875
2680 0.171875
2690 0.171875
2700 0.171875
2710 0.171875
2720 0.171875
2730 0.171875
2740 0.171875
2750 0.1875
2760 0.1875
2770 0.171875
2780 0.171875
2790 0.1875
2800 0.171875
2810 0.203125
2820 0.171875
2830 0.203125
2840 0.1875
2850 0.1875
2860 0.203125
2870 0.1875
2880 0.203125
2890 0.203125
2900 0.203125
2910 0.1875
2920 0.203125
2930 0.203125
2940 0.203125
2950 0.21875
2960 0.203125
2970 0.203125
2980 0.203125
2990 0.21875
3000 0.21875
3010 0.21875
3020 0.203125
3030 0.21875
3040 0.234375
3050 0.21875
3060 0.21875
3070 0.21875
3080 0.234375
3090 0.21875
3100 0.234375
3110 0.234375
3120 0.234375
3130 0.21875
3140 0.25
3150 0.234375
3160 0.234375
3170 0.25
3180 0.25
3190 0.234375
3200 0.25
3210 0.25
3220 0.25
3230 0.25
3240 0.265625
3250 0.25
3260 0.25
3270 0.25
3280 0.28125
3290 0.25
3300 0.28125
3310 0.265625
3320 0.265625
3330 0.28125
3340 0.265625
3350 0.28125
3360 0.265625
3370 0.296875
3380 0.28125
3390 0.265625
3400 0.296875
3410 0.28125
3420 0.296875
3430 0.28125
3440 0.296875
3450 0.28125
3460 0.3125
3470 0.296875
3480 0.3125
3490 0.28125
3500 0.3125
3510 0.296875
3520 0.328125
3530 0.296875
3540 0.328125
3550 0.3125
3560 0.3125
3570 0.328125
3580 0.3125
3590 0.328125
3600 0.3125
3610 0.328125
3620 0.328125
3630 0.34375
3640 0.34375
3650 0.3125
3660 0.359375
3670 0.3125
3680 0.375
3690 0.328125
3700 0.359375
3710 0.34375
3720 0.359375
3730 0.34375
3740 0.359375
3750 0.359375
3760 0.359375
3770 0.359375
3780 0.359375
3790 0.375
3800 0.375
3810 0.34375
3820 0.390625
3830 0.359375
3840 0.390625
3850 0.375
3860 0.390625
3870 0.375
3880 0.390625
3890 0.390625
3900 0.390625
3910 0.390625
3920 0.40625
3930 0.390625
3940 0.40625
3950 0.40625
3960 0.390625
3970 0.40625
3980 0.421875
3990 0.40625
4000 0.421875
4010 0.40625
4020 0.421875
4030 0.421875
4040 0.421875
4050 0.4375
4060 0.421875
4070 0.4375
4080 0.4375
4090 0.421875
4100 0.453125
4110 0.421875
4120 0.453125
4130 0.4375
4140 0.453125
4150 0.4375
4160 0.46875
4170 0.4375
4180 0.46875
4190 0.4375
4200 0.484375
4210 0.4375
4220 0.484375
4230 0.453125
4240 0.46875
4250 0.484375
4260 0.46875
4270 0.46875
4280 0.484375
4290 0.484375
4300 0.46875
4310 0.484375
4320 0.5
4330 0.484375
4340 0.484375
4350 0.5
4360 0.484375
4370 0.5
4380 0.5
4390 0.5
4400 0.515625
4410 0.484375
4420 0.53125
4430 0.515625
4440 0.515625
4450 0.515625
4460 0.515625
4470 0.515625
4480 0.515625
4490 0.53125
4500 0.53125
4510 0.53125
4520 0.53125
4530 0.53125
4540 0.546875
4550 0.53125
4560 0.546875
4570 0.546875
4580 0.546875
4590 0.546875
4600 0.5625
4610 0.546875
4620 0.546875
4630 0.5625
4640 0.578125
4650 0.546875
4660 0.578125
4670 0.5625
4680 0.578125
4690 0.5625
4700 0.578125
4710 0.578125
4720 0.59375
4730 0.578125
4740 0.578125
4750 0.578125
4760 0.609375
4770 0.578125
4780 0.609375
4790 0.59375
4800 0.609375
4810 0.59375
4820 0.609375
4830 0.609375
4840 0.625
4850 0.59375
4860 0.609375
4870 0.625
4880 0.625
4890 0.625
4900 0.640625
4910 0.609375
4920 0.640625
4930 0.640625
4940 0.625
4950 0.640625
4960 0.640625
4970 0.640625
4980 0.65625
4990 0.625
5000 0.671875
5010 0.65625
5020 0.65625
5030 0.65625
5040 0.671875
5050 0.65625
5060 0.671875
5070 0.671875
5080 0.6875
5090 0.671875
5100 0.671875
5110 0.671875
5120 0.6875
5130 0.671875
5140 0.703125
5150 0.6875
5160 0.703125
5170 0.6875
5180 0.703125
5190 0.703125
5200 0.703125
5210 0.703125
5220 0.71875
5230 0.703125
5240 0.734375
5250 0.703125
5260 0.734375
5270 0.71875
5280 0.734375
5290 0.71875
5300 0.734375
5310 0.734375
5320 0.75
5330 0.734375
5340 0.734375
5350 0.75
5360 0.75
5370 0.734375
5380 0.765625
5390 0.765625
5400 0.765625
5410 0.75
5420 0.75
5430 0.78125
5440 0.765625
5450 0.765625
5460 0.796875
5470 0.765625
5480 0.78125
5490 0.796875
5500 0.796875
5510 0.78125
5520 0.796875
5530 0.796875
5540 0.8125
5550 0.796875
5560 0.8125
5570 0.8125
5580 0.8125
5590 0.8125
5600 0.8125
5610 0.828125
5620 0.8125
5630 0.828125
5640 0.828125
5650 0.828125
5660 0.84375
5670 0.828125
5680 0.84375
5690 0.859375
5700 0.84375
5710 0.84375
5720 0.859375
5730 0.84375
5740 0.875
5750 0.84375
5760 0.875
5770 0.875
5780 0.859375
5790 0.875
5800 0.890625
5810 0.875
5820 0.875
5830 0.875
5840 0.90625
5850 0.875
5860 0.90625
5870 0.890625
5880 0.921875
5890 0.890625
5900 0.921875
5910 0.90625
5920 0.90625
5930 0.921875
5940 0.921875
5950 0.921875
5960 0.9375
5970 0.90625
5980 0.9375
5990 0.9375
6000 0.9375
6010 0.953125
6020 0.9375
6030 0.9375
6040 0.953125
6050 0.96875
6060 0.953125
6070 0.953125
6080 0.96875
6090 0.96875
6100 0.96875
6110 0.96875
6120 1
6130 0.953125
6140 1
6150 0.96875
6160 1
6170 1
6180 1
6190 1
6200 1.01562
6210 0.984375
6220 1.03125
6230 1.01562
6240 1.03125
6250 1
6260 1.04688
6270 1.01562
6280 1.04688
6290 1.03125
6300 1.04688
6310 1.03125
6320 1.07812
6330 1.03125
6340 1.07812
6350 1.04688
6360 1.09375
6370 1.0625
6380 1.07812
6390 1.0625
6400 1.09375
6410 1.07812
6420 1.09375
6430 1.09375
6440 1.10938
6450 1.09375
6460 1.10938
6470 1.09375
6480 1.125
6490 1.10938
6500 1.125
6510 1.125
6520 1.14062
6530 1.125
6540 1.14062
6550 1.125
6560 1.17188
6570 1.14062
6580 1.14062
6590 1.17188
6600 1.15625
6610 1.17188
6620 1.17188
6630 1.17188
6640 1.1875
6650 1.17188
6660 1.17188
6670 1.20312
6680 1.20312
6690 1.1875
6700 1.20312
6710 1.20312
6720 1.21875
6730 1.20312
6740 1.23438
6750 1.21875
6760 1.23438
6770 1.23438
6780 1.23438
6790 1.23438
6800 1.25
6810 1.25
6820 1.25
6830 1.28125
6840 1.28125
6850 1.28125
6860 1.28125
6870 1.28125
6880 1.3125
6890 1.28125
6900 1.3125
6910 1.29688
6920 1.32812
6930 1.3125
6940 1.32812
6950 1.3125
6960 1.34375
6970 1.32812
6980 1.32812
6990 1.34375
7000 1.35938
7010 1.34375
7020 1.34375
7030 1.35938
7040 1.375
7050 1.35938
7060 1.375
7070 1.375
7080 1.39062
7090 1.375
7100 1.40625
7110 1.375
7120 1.40625
7130 1.40625
7140 1.40625
7150 1.40625
7160 1.4375
7170 1.39062
7180 1.4375
7190 1.40625
7200 1.45312
7210 1.42188
7220 1.4375
7230 1.4375
7240 1.46875
7250 1.4375
7260 1.46875
7270 1.46875
7280 1.48438
7290 1.46875
7300 1.48438
7310 1.46875
7320 1.51562
7330 1.48438
7340 1.48438
7350 1.5
7360 1.51562
7370 1.5
7380 1.53125
7390 1.5
7400 1.54688
7410 1.53125
7420 1.53125
7430 1.53125
7440 1.5625
7450 1.54688
7460 1.54688
7470 1.54688
7480 1.59375
7490 1.54688
7500 1.59375
7510 1.5625
7520 1.60938
7530 1.5625
7540 1.59375
7550 1.59375
7560 1.625
7570 1.60938
7580 1.60938
7590 1.60938
7600 1.64062
7610 1.60938
7620 1.625
7630 1.64062
7640 1.65625
7650 1.625
7660 1.67188
7670 1.65625
7680 1.67188
7690 1.65625
7700 1.67188
7710 1.65625
7720 1.70312
7730 1.6875
7740 1.6875
7750 1.70312
7760 1.73438
7770 1.6875
7780 1.71875
7790 1.70312
7800 1.75
7810 1.70312
7820 1.73438
7830 1.73438
7840 1.75
7850 1.73438
7860 1.76562
7870 1.73438
7880 1.78125
7890 1.75
7900 1.78125
7910 1.76562
7920 1.8125
7930 1.78125
7940 1.79688
7950 1.79688
7960 1.84375
7970 1.8125
7980 1.8125
7990 1.82812
8000 2
8010 1.84375
8020 1.875
8030 1.84375
8040 1.875
8050 1.85938
8060 1.92188
8070 2.17188
8080 2.01562
8090 2.09375
8100 1.9375
8110 2.23438
8120 2.21875
8130 2.29688
8140 3
8150 3
8160 2.65625
8170 2.73438
8180 2.42188
8190 2.17188
8200 2.09375
8210 2.03125
8220 2.17188
8230 2.29688
8240 2.15625
8250 2.01562
8260 2.0625
8270 2.03125
8280 2.07812
8290 2.03125
8300 2.35938
8310 2.5
8320 2.14062
8330 2.07812
8340 2.0625
8350 2.32812
8360 2.23438
8370 2.09375
8380 2.15625
8390 2.09375
8400 2.14062
8410 2.09375
8420 2.10938
8430 2.10938
8440 2.3125
8450 2.25
8460 2.375
8470 2.375
8480 2.35938
8490 2.14062
8500 2.375
8510 2.1875
8520 2.39062
8530 2.1875
8540 2.23438
8550 2.1875
8560 2.51562
8570 2.45312
8580 2.54688
8590 2.51562
8600 2.8125
8610 2.5
8620 2.40625
8630 2.25
8640 2.3125
8650 2.26562
8660 2.375
8670 2.42188
8680 2.60938
8690 2.60938
8700 2.64062
8710 2.70312
8720 2.79688
8730 2.71875
8740 2.46875
8750 2.64062
8760 2.75
8770 2.65625
8780 2.65625
8790 2.6875
8800 2.84375
8810 2.51562
8820 2.35938
8830 2.39062
8840 2.75
8850 2.75
8860 2.92188
8870 2.64062
8880 2.45312
8890 2.375
8900 2.625
8910 2.89062
8920 2.89062
8930 2.75
8940 2.76562
8950 2.70312
8960 2.79688
8970 2.96875
8980 2.76562
8990 3
9000 2.64062
9010 2.48438
9020 2.46875
9030 2.70312
9040 2.75
9050 2.84375
9060 2.78125
9070 3.10938
9080 2.98438
9090 2.90625
9100 2.79688
9110 2.54688
9120 2.625
9130 2.71875
9140 2.92188
9150 2.625
9160 2.875
9170 2.59375
9180 2.76562
9190 2.96875
9200 2.95312
9210 2.96875
9220 2.85938
9230 2.82812
9240 3
9250 3.10938
9260 3.20312
9270 3.21875
9280 3
9290 3.03125
9300 2.98438
9310 2.84375
9320 3.04688
9330 3.04688
9340 2.96875
9350 2.6875
9360 3.0625
9370 2.96875
9380 2.92188
9390 3.09375
9400 3.04688
9410 2.82812
9420 2.8125
9430 2.75
9440 3.42188
9450 3.20312
9460 3.40625
9470 3.07812
9480 3.15625
9490 3.84375
9500 3.10938
9510 3.15625
9520 3.34375
9530 3.14062
9540 2.95312
9550 3.23438
9560 3.15625
9570 3.28125
9580 3.14062
9590 3.3125
9600 3.6875
9610 3
9620 3.23438
9630 3.26562
9640 3.51562
9650 3.17188
9660 3.23438
9670 3.1875
9680 3.45312
9690 3.20312
9700 3.375
9710 2.96875
9720 3.0625
9730 2.9375
9740 2.9375
9750 2.96875
9760 3.125
9770 3
9780 2.95312
9790 3.10938
9800 3.34375
9810 3.28125
9820 3.32812
9830 3.15625
9840 3.40625
9850 3.6875
9860 3.4375
9870 3.42188
9880 3.21875
9890 3.10938
9900 3.42188
9910 3.53125
9920 3.70312
9930 3.57812
9940 3.48438
9950 3.23438
9960 3.39062
9970 3.125
9980 3.09375
9990 3.48438
